2.26399123681491	3.21942222824558	2.12225383748932	2.59867018882425	2.75400417766077	2.67405259021908	2.28679335773011	3.22903278636076	1.97572552639018	2.20690043903567	3.35579785888049	2.32337707127362	3.66113505393068	1.88518724032172	2.83672034527753	5	0.000495344718332014
1.79614802155314	3.44724788812806	1.67458777600211	2.5927721140023	2.69706566006771	3.10558341852658	3.68910416975302	3.16381122378595	2.17396201526014	1.45037331444317	3.64471762900961	4.39791878953951	3.75618872277437	1.21674548140149	1.88703181016033	3	0.000302260775083996
3.2228075941399	3.45123375989205	2.24259480690283	2.61104975021341	2.56491533501199	3.74507871533313	4.17948078358488	4.10449361111059	2.52093227363009	2.01336815113101	4.70643477829007	5.22884061491936	5.34521683069617	2.55574356199744	2.31073226152732	4	0.00013795307067932
2.28782118930251	3.4310958663418	1.78465665199796	2.34496524817296	2.3975490489315	3.48044347830574	2.67729932963044	3.38490497953149	2.59370044961623	2.35001116304987	4.19571646365912	2.94776856772909	4.22618556610487	3.14173659156357	2.21690040258649	3	0.000752986169932246
2.05485671322772	3.27431743659546	1.68647532031782	2.12911691500471	2.44063065756772	1.92443577548556	2.44427016273519	2.26644941918548	3.00905792094339	1.47712109206934	1.80604699265412	2.68454229700933	2.96746008422331	3.11292308083305	1.7151480073324	6	0.00046664120481732
2.24543087537228	3.2781497496548	2.00335006436942	2.45824092325747	2.62692388922008	0.899374962036883	2.56222962675331	1.41827818813203	2.31884811220301	2.09687663026224	5.38254638228662e-08	3.08387477223787	1.1560439089604	2.07671592776626	2.03153812362275	100	5.88873748769831
2.23762224263531	3.41080154951607	1.64883481390364	2.47567330337973	2.28981778882885	3.18474782405906	2.51308978303088	2.88800414938373	2.19547870398297	1.55656623836497	3.4865621786592	2.68025059637482	3.45316059085913	1.83976724147943	1.51374148485351	4	0.000328126788545546
3.10527484561429	4.048546776011	1.92197642420978	3.05253074477602	2.74639257221318	3.52247522932476	2.960176064384	3.35787640731941	2.51736083824529	1.85835337532607	4.52737304536534	3.46269643472016	4.23780386659167	2.87488374618514	2.39911331509687	3	0.000205709344397009
3.54650213595942	4.0447418073246	2.08904441331377	2.74323150025196	2.63081127360452	3.36899321163546	3.06539196068906	2.501998077401	2.5280697603033	2.38117775585689	5.01334795899766	3.90752250722691	3.28558383922048	2.10844572373938	2.75798431660806	4	8.53198687833512e-05
2.72120478379557	3.5368758557174	1.98369129195077	2.56762552731092	2.46335245565206	2.25092945098965	1.64545241290778	3.03783983897897	2.35353216873789	1.56744303720835	3.50101703631387	1.17132556388747	3.53128290257806	1.56387855230177	2.19510958668075	100	2.12445450314933
2.63724472259474	3.5373817485722	2.15368367137972	2.63651676161796	2.31908522678041	2.42311792266948	2.87666665182389	1.12380313174257	2.18304814443934	2.1579694805055	2.8528169339971	3.38809163113517	0.747845083727528	1.44728075735083	2.7306609626085	100	1.47816194609182
2.02129189813745	3.07700373610626	1.98008352101775	2.29107831755384	2.72453478612409	2.97024285871087	3.15448881789618	2.96059727190186	3.21337892942194	2.83856667274982	4.19795933726073	4.05190596584896	3.28337245075604	2.88755556293472	3.50389792392865	3	0.000522300583377877
3.39195806748161	3.75368821274807	2.03199303485041	2.85818397357495	2.78178617991464	4.10314191118933	3.53088206563633	3.83988265516939	3.51787582721372	3.08933327529183	5.2325484430833	4.36068501465928	5.27180412833062	3.25395840866117	3.48931822215247	3	0.000759144353220442
2.67176942853358	3.45151693234414	1.92869522473666	2.59120576518559	2.65963886380295	3.99805019339941	1.98155193793597	3.40888728418855	2.4470070621138	3.11626726916868	5.63801331448899	2.08302924170166	3.86730151224777	2.23619465130799	3.05740074534853	5	0.000947706328033204
2.59523247742278	3.46008863979644	1.66665705802151	2.51384352667514	2.2926824695988	3.18563526189391	3.38728682805177	3.38551021876731	4.01530295692244	1.7860270250053	4.17753732497579	4.21443699342884	4.05486311461165	3.94929016425535	1.82391608524844	3	0.000692594656718226
2.60714037869987	3.70056764780571	1.88754829598864	2.8894343886612	2.77780892152157	3.77993598947552	2.99189518823049	3.89624238551763	2.31377018027928	2.74229064886863	5.22928791049161	3.54178110494505	5.00756774141381	2.50898011479544	2.59729334153743	100	0.599719028937217
2.84272594119052	3.59750542725389	2.05829255212314	2.80582581498159	2.40138920660983	2.2674881391985	2.59932476601976	2.65383535509044	2.3049214605678	1.36912323084314	3.1609737839651	3.42196523055198	3.92330711711426	1.77403570838289	1.19468375887331	5	0.000697463598125836
2.50934809258199	3.64043952368157	1.92922882038496	2.63692287326987	2.71407382080154	3.49176676924182	2.49857408695134	2.48643787275262	2.71351366077666	3.44114811727592	4.48425059079744	2.27495193162161	3.28293936838444	2.15744472438006	4.40833342062847	3	0.000671094865730693
3.19584971632915	3.99948468806463	1.85310223319815	2.58159054041233	2.4982205835727	3.34609343662994	3.07922612187828	3.34034753501109	2.50772700171521	2.29254827549083	4.86022522501149	4.06048514638283	3.8845006942047	2.60242922959857	2.83713259250337	3	0.000312975389212156
2.79712064759514	3.29244089322935	2.29330988638361	2.24810583757605	3.08142863561862	4.03210682226806	2.8411086193236	3.0075273526344	3.21898196888561	1.84414942372854	6.30742916627468	3.75890230739931	3.83287715430165	2.96907634053283	1.7684102210684	4	9.14764115476085e-05
2.87031700211444	3.94776618202103	1.87439235044528	3.1346820586405	3.03874700736069	3.32730070574728	3.59254949657725	4.04882889455743	3.07720441256063	3.4908266147806	4.10664238854349	4.55316508853717	4.67085840644944	1.92468689093312	3.93056510652431	4	0.000178421377409865
2.8351603031573	3.44973164181079	2.16235479852044	2.52222390139598	2.81760790720858	3.23878663260309	4.41077857079701	3.8545827756058	2.16863330159906	1.08888845107313	3.65494406475685	5.51089994533317	4.84527072730998	1.24858916045783	1.21392598638746e-08	5	0.000289104847643819
3.07878607183345	4.23944957482566	1.83842540054408	2.81021738041783	2.62767978214515	3.60221391209383	3.1420353245841	2.88568125687938	2.86115938534619	1.78789453143386	4.394509342978	3.60309842852682	3.19362465301079	3.07713470466757	2.17044722877709	3	0.000567018033504674
2.21314811486693	3.45846101374007	2.09237182242581	2.56181016576286	2.74254526090797	2.7656637874438	2.6111649875475	2.16040635098338	2.03919699949873	2.27560725833104	2.82427887884232	2.88070330086518	2.1387380669936	1.572251115132	2.0569406348818	5	0.000510426814964937
3.06274527992785	3.66294128375766	1.746478473793	2.66287960801443	2.61470450396354	0.530377442858223	0.727963001977615	1.61803733332653	1.96070098636876	2.70457564766022	4.47100976397719e-08	5.13544880742781e-09	1.62558731661623	2.05606520338261	3.33269804945335	100	2.05736132063317
2.11329324848705	3.72390516571507	1.77782441318727	2.71113272016368	2.28045403626915	2.84065881595	2.58896354762311	2.29840188027564	3.62571728291683	2.61887691540466	3.89848313829283	2.97677294142226	2.93459760014049	3.44301685944694	2.23020363069945	4	0.000133628771667338
2.52174557563828	3.47141346059297	2.1243789127185	2.76255023287919	2.55546276661605	4.46717238436175	2.87270179237647	3.90047709905974	2.03864492185881	2.27455212690271	6.27300542934869	2.97584458487432	4.47737868968838	1.64085884013202	2.41480746885904	4	0.000625739698283834
3.05749929443263	3.80809978539853	1.82568160351641	2.6722951690273	2.4883165989022	4.29055382232994	3.54777410454468	2.54305813209729	2.19738243405229	2.49867713886094	4.94613455005514	4.86396327984583	3.00801696223574	2.12082415721406	2.97872009382178	4	0.000272216170466022
2.17694958612968	3.2299862759917	1.97953697865158	2.72698580342147	2.63990628165626	4.52514607712292	3.78400161360626	3.55683514110748	2.16882418252664	2.04925466084113	6.46859335850683	4.09836652057112	4.52571745372385	1.94547922107966	2.15845574194571	3	0.000878814130280459
2.03956839346694	3.36437768332456	1.779549877791	2.70484196904967	2.36048754346514	2.87602435793129	2.26582132431047	2.67759273151689	1.62764113431842	2.45953844946635	3.75618873992121	2.17269841167004	2.97174546859241	0.476703311877397	2.87309431043598	100	0.176186638019233
2.21914801039226	3.11974692038038	1.77882831188827	2.37622856508446	2.35215694808852	3.41631823861504	4.93638966429108	1.46343216184231	3.12812929000769	2.62392654950787	4.93101864474893	5.67676422017768	1.3744900122062	3.10929195628429	3.53279372685461	5	0.000777100618718496
3.00225046432064	3.94889831919331	1.95327700610832	2.47291153326823	2.59584407153624	2.69421901158379	2.53351579301798	2.6931437566632	3.17952968873345	2.60501697257387	3.32971653175898	3.18829383351199	3.94012637642252	3.5275285005431	2.98862394333797	3	0.000631424929188107
3.02951254262311	3.48756423682	2.33170774575637	2.62701471606035	2.6924264142346	3.56026714975212	3.52110347445147	2.96553700700169	2.84680442129716	2.39090010890065	4.60226480140866	4.58589535241928	3.9719624605945	2.29375006417513	2.57785470816482	3	0.000407375741675597
2.37273325302747	3.68451820097252	1.834469192648	2.69908571201917	2.31005080757613	3.56926954820548	3.03908117412097	2.47071583481705	1.92818122598396	0.843310361316391	4.51369528999128	3.49580693067349	3.11746322789209	1.72771190939662	1.00472107561423e-08	100	2.0381709343128
2.48546887270632	3.04376865297512	2.19830282861567	2.38017138691614	2.56273154502177	3.93794582922152	3.23661172453676	3.76246963581842	2.49680785073554	1.97453500067937	5.85034213935577	4.11225591902032	4.45486382858489	1.91274544143509	2.38845836214135	4	9.12203545184731e-05
2.0848920214659	3.19881081309487	1.68658280221152	2.32966466377114	2.66404020873617	0.65684865504635	3.31315631824114	1.61577441120218	2.66484396532801	2.18249178177247	1.87612424512169e-07	3.39810167386331	1.42591815087947	1.87608194278311	2.58174276121178	6	0.000528773982823464
2.36911136337476	3.39485262000133	1.83288293398876	2.70975868918612	2.60182553612266	3.44835703706294	3.59857837007592	4.21031522770599	2.88169597282621	2.46353329146775	4.31418383610977	4.55697025443192	5.30552970658243	3.10686310411831	2.6537193372966	4	6.9175173621927e-05
2.75588521189628	3.64654454499187	1.83271773422207	2.60837210235119	2.58182258507303	3.78922344812035	4.38568012288791	3.26583782304951	2.59656160320006	0.755786203391737	5.07142060818701	5.81215893491612	3.85870179610835	2.43767754806331	2.17121268446472e-08	100	0.698155085520598
3.10892541807712	3.59872829320822	2.31034599815764	2.22099681446645	2.45458445605564	3.32304890275214	4.03971128393248	3.88605315885706	3.24154422904384	3.02083572902405	4.46192197023896	5.27935228835419	5.47023181464995	2.82473639829135	4.61140755550465	4	0.000104360007394
3.02291740128546	3.89983065035774	1.9766455930146	2.71244215301968	2.4214969678932	3.36726456976513	2.5277087834389	2.04303628757628	1.43746430142252	2.65525300876116	4.50984501818109	2.84530810155811	2.3970988781866	0.610371990468968	2.54338280401591	100	1.29090073510677
2.77155025365892	3.61578735230565	1.73797838089622	2.68396536548683	2.64489318052849	2.96761026476268	1.49601478914642	2.61913510522262	3.10115712986794	2.36648421918837	3.94705488099825	1.02627076815358	2.71843404987547	2.40151281381875	2.13608028150851	16	0.000763037323630256
2.38498048290847	3.23283295329315	1.91560630520781	2.64774916352941	2.70191664621439	3.36106416788537	3.00438625252593	4.20610068517834	2.09674946515787	2.78387902532256	4.59159965895694	3.78503110193641	5.34088857834104	1.80100819619891	3.07913124645786	3	0.000768930356523256
3.59774821780392	3.7060326423805	2.16350790566286	2.89145566889926	2.86198473968936	3.33220578723569	4.02901142674504	3.81906132250116	2.35582351805934	2.51258382795902	4.71047506223124	4.35945718301977	4.24428073733742	1.91277359084321	3.11568416922248	4	0.000194398989490363
2.76760182331941	3.68309911683775	2.12301571064575	2.81770130819174	3.10614263564726	2.60782466342851	1.9651760979307	2.070075175745	2.20392024820634	1.93602788751678	4.06258666186765	1.77696618711355	2.2069547319718	1.67340894496766	2.10840549673991	6	0.000419943239803988
2.78763492917746	3.65011085825598	1.9755988604451	2.69377367593965	2.65734660324023	1.65969823494177	2.84070953000561	3.09037574145374	2.52051928383182	2.07250547938375	2.09349312540329	3.18448487577526	3.61724247592	2.41688256007511	1.50397198486901	100	1.61573388452249
2.86299820937883	3.52958520506828	2.12388414318331	2.62426816057955	2.62241446922387	2.57708057402987	3.25865253102201	2.80082469982925	2.81317837810423	2.52367889781529	3.07524830523741	3.6152498660958	3.50384907961832	2.6871375138343	2.41438692559212	4	6.94963121743442e-05
2.57170835866891	3.39764430471476	1.87772242501859	2.81291842278675	2.42035359957677	2.73098495079725	4.0870919242851	3.510204638824	2.36482159414456	2.69910369684647	3.82417192056062	4.44574686432966	4.00149446442143	2.35676713080533	2.65876869021663	3	0.000173035259515064
3.11112519442166	3.63536728067502	2.13963305621499	2.69365924013156	2.74378195630943	2.695306699154	2.87003044191445	3.46835508324574	1.65343681850261	2.17193722506292	3.58294518524952	3.53067991178846	4.0313433015705	1.60978635452411	1.91216594385942	4	0.000179186580542057
1.78597955522329	2.85617030642983	1.82028511949962	2.47207887431246	2.8534240281207	2.51783579784004	3.7456841531836	2.31686260780173	2.50006444936128	2.92591465219807	2.8124562010809	4.81141950409584	2.74167825715665	1.6570428052664	3.11495505807683	100	4.23771089456682
2.76655659956699	3.70971702458236	1.94211141757378	2.72735314058657	2.318337900288	2.67297304966662	3.50612094292458	3.25777179627875	2.45599118537143	2.89191253794837	2.98713213112406	3.78175447961742	3.38030778655795	2.52069020616157	3.04135582426155	4	7.43746158247127e-05
2.34819968632894	3.56223456136266	1.67133143578775	2.56792357900404	2.090447983323	3.86539134584396	3.89647452116147	3.42231864255138	2.2902988271823	2.19945903718645	6.25887131536592	4.72938007733522	4.12362986162277	1.73060851595526	2.92395749892963	4	7.89645108607573e-05
2.15783302021543	3.50988561103279	1.83389233698762	2.76371657265452	2.76427145556648	4.39329429400739	3.52145418895562	3.90171128265574	2.28441103701999	1.84090370275113	6.31722262481921	4.12963460121542	4.33854520268931	1.71100138215945	2.06609509128586	3	0.000360594120811131
1.82072015247956	3.17866236553551	2.00863895867031	2.66955083193817	2.70257536080943	2.85302611504189	2.75722169272422	3.28609433564357	1.74767802171519	2.11866387233653	3.46889810527706	3.62273136738696	4.22098449560821	1.27006417441349	2.66706767603922	4	0.00016326370171571
2.8655938984269	3.58344091150137	2.09418154190449	2.82170358797097	2.76911151477718	1.81366415542916	3.29831195266093	1.38860641244989	2.69102161023995	1.76808626486832	2.03968112767273	3.99184445785281	0.96142298835031	1.7226844177912	1.66065768800735	100	2.53648437539171
2.66829420028966	3.50508366456119	2.18996399677263	2.68427188095744	2.659640404731	3.61634092348096	3.52767005815332	3.39894577956738	1.80690723754685	1.71819095177276	4.62207313973432	4.10218009209966	3.46481688626713	0.896597648303162	1.2801714816044	7	0.000638066963958739
2.44907333222408	3.6660887951228	1.79308313288866	2.63433861861872	2.58597607695914	4.2692678319201	3.93009094643686	2.56130325404056	1.15374395173878	1.61927353134902	5.39135288210277	4.72443732886666	3.14120322297711	1.12294814062303e-08	1.06681494869247	100	1.00682839777359
2.02685605976484	3.40586596852039	1.76481829712513	2.5766971682701	2.36672818062415	3.15699601888887	3.31490124109124	3.97596078374016	2.96506661889917	1.75442692254403	4.35610162531707	4.14909283139278	4.79249901070382	2.90041365166262	3.14032648978337	4	0.000228060275607067
2.75729351320744	3.82153289351501	2.10130801868722	3.09151674965703	2.87503091156461	3.11696470634057	3.8021244970874	4.02928943371225	2.05101765965369	2.08723989928535	4.2167787128906	4.07314541690231	5.25211870995755	2.21399438687204	2.35592288920085	3	0.000392859362204678
3.02659144804332	4.29103181265647	1.74878716953211	3.22474477990899	2.23062711758291	2.78518032941696	3.16066362342135	2.77218017222552	2.66336690534573	1.71173633548781	4.56580497817147	3.34787869274758	4.04076411314457	2.34351138618478	1.75767555413471	4	0.000132287168444156
2.95421212217156	3.73091706218702	2.25976011023404	2.77221307150344	2.8080840818791	3.30390157860726	3.17060947851386	3.70745484718245	2.67442190206134	2.40009023021909	4.68827385586633	4.02583361396591	4.00850003113467	2.5965276056379	2.73566336410788	3	0.000313961501416937
2.8804084822168	3.70153720736018	1.9683886427474	2.85546186026838	2.44314429590486	3.63122313632513	3.25678020234909	3.18468787323715	3.23192425725912	2.0172003296069	4.62122297208984	3.17583768506466	3.5292520849786	3.44927012709702	2.6511639791393	3	0.000291891989750326
1.89692701499523	3.19211929888823	1.66497469809031	2.47979086003329	2.11988976891852	3.34566935018795	3.3793258721549	4.35305728104255	1.78109535184429	2.75854566581723	4.28839363362657	3.57958865161461	4.533054975271	1.62150295484933	2.67485541709859	4	0.000177613610316651
2.86268103119995	3.96732403478795	1.86706889795186	2.60802921663927	2.36192902290637	2.35450250823826	2.59614927173368	2.30681483575204	1.16028947127096	1.57080208060049	2.61268385927931	2.96992881486173	2.63196206180294	0.071539345391331	1.32996002054027	100	0.813204078352441
3.358543386146	3.87921343144364	2.07377173725637	2.78739301100174	2.86948398693306	3.02899606291723	2.87941605254892	3.0640850844278	2.75997132232196	2.29213681055056	3.8825406155082	3.34841181988566	3.69551003370915	3.05893103104556	2.35128468519671	4	0.000405034521329117
2.38863678195043	3.57097795842792	1.6788742831897	2.62636420232479	2.51585311630732	4.20416141250613	3.34498085181315	5.49852193118373	0.799041602943792	1.53777623016813	5.277585650785	3.97939840289424	6.68820387932625	0.164397173666405	1.39842624412176	100	0.915312076174995
3.76908854470531	3.89761217132121	2.31390165266874	2.74225860121784	2.90086567436883	2.97509458252475	3.38363555496091	3.33064703516062	2.62952947585187	2.38025581820999	4.29389249168819	3.89468209900178	4.22657227775616	2.22964911434106	2.39125723024003	4	9.59045557538118e-05
3.13632432596919	3.79221512149594	2.18049066780905	2.58132500298843	3.02916771230289	2.21390281934218	2.24575154092036	2.12068015889502	2.33829343418485	2.81454759198358	2.64865914239039	2.33755927009021	2.65794230163672	2.38963440410448	2.72666585551859	5	0.00021716461713206
2.15152745292708	3.2634136998843	1.69705234104921	2.28625482360783	2.56254231076392	4.30501324639355	3.58046272218391	3.92707923264115	1.96102576860914	2.49861261736756	5.66164556370783	4.65410795583371	5.25433897234546	1.43576180037457	2.95451825310112	3	0.000318939343763924
2.28467942528424	3.33119545861447	2.14955183110853	2.54323975178708	2.75806978299791	2.88894908729581	3.43923192462109	3.37317220400948	2.210097469214	1.90166537061605	4.70766197688232	4.56648941889269	3.43030437647062	2.13120865913845	2.28599878010442	5	0.000141037969291657
2.28559020431565	3.50200697598235	1.88225243938136	2.83651979444515	2.30409435174898	3.03541796289949	1.86455416481957	2.50676739528149	2.02311772648768	2.42620756972473	5.01020120830619	1.81981123007839	2.90323397853447	1.10546053943938	2.47255004539171	5	0.000376837952710929
2.93327661503268	3.97652553734103	2.31746532136158	2.91460760172493	2.91496439950633	4.14414564187931	2.86125820049367	3.85053371688211	2.20204472405699	1.33418444257957	6.38336821871749	2.78368057217608	4.70305793246606	1.96260691991337	1.5410924889767	3	0.000330155093590356
2.85708173965098	3.54252663397538	2.00448700571645	2.79672919235373	2.61230831656055	4.87634764096858	3.5581769254342	3.90041894660201	1.95746078764765	2.11440512428199	6.502860161457	3.97625156502854	5.5209299371166	1.44794883445867	2.10501477020132	3	0.000464742915399441
2.71869213262577	3.21725035681512	2.16044573165058	2.47823697050192	2.70412528986712	3.39823851592665	3.63539313131505	3.04677313199818	3.37150180941128	3.17872995434543	4.20839052646649	4.69582568676459	4.11630634032701	3.24864633891478	4.15152819216241	3	0.000345308766957153
2.8946909322616	3.25803199374383	2.08903258537731	2.60174932929144	2.64788814225567	2.58372815014287	2.14526422721178	3.16628501272463	2.1511197128942	2.3570317794231	2.51810523355094	2.20165160264777	4.48903695168517	1.60234457608017	2.53027303179118	5	0.00017661715792272
2.87180537829408	3.69945840723177	1.90014453897751	2.69639842132225	2.52250664465217	3.18494892140597	3.95388363235019	3.10714136192644	2.06037568402214	1.18536766799049	4.03253292917785	4.5641211168997	4.08956845815677	1.75386870768666	0.674510891081521	100	0.683592698182339
2.97218313067124	3.2759046988005	2.54321979316125	2.24436308007579	3.0309554216069	2.83462651818473	2.392139740404	2.61453479349779	3.00159908896447	2.72584988425019	3.96454301289266	2.55893447219223	3.15644863891254	2.65098054662538	3.76201257311969	4	7.64489376021693e-05
2.74081838725395	3.88470428769209	1.85305501146007	2.77039505187402	2.50648874746828	3.29221049742589	3.58083386946783	3.7571914571156	2.07961176184028	1.93733671803951	4.81618596100212	4.12653615436129	4.89431077617733	1.32987862515556	1.63769812400739	3	0.000210984153082405
3.05961348046401	3.77797316529099	2.11742967588135	2.58849094011817	2.79035360526277	1.76408588103306	2.42231767236069	1.78398597546722	2.1482091662859	1.45560103487698	1.8443531372823	2.57180185370737	1.62506290159072	2.02830689614512	1.87690511663853	6	0.000607095582957129
3.60632205212768	4.20680567548854	2.1348274060399	2.79967275610136	2.70743806938002	2.9742602410174	3.58170397950796	2.95578171570596	2.32705910099021	2.75017981678354	4.15991122418654	3.87220206005824	3.31087208234737	2.33961505192934	2.60953941646153	4	8.04024981810869e-05
2.6318872117384	3.77042455533907	1.9493338100198	2.73758033504543	2.45485194564303	2.05012601896706	2.47759789160379	2.82305136555645	1.30602443195958	2.73449557255239	2.06250742924803	2.59466920521273	3.63450801464899	0.360289167441746	2.97222922588361	100	1.05244224503461
3.0841395485907	3.69750035365742	1.95917924839163	3.17363676810052	2.60409455310428	3.02140260769999	3.3673942488712	3.10517063130991	2.0151550638927	1.27019444640043	3.95753859944718	4.14535069689333	3.77146711415369	1.66395595661898	1.28390699666139	3	0.000979839537467608
2.78508871480264	3.66128742559404	1.96139393196673	2.56047345239227	2.39417460301827	4.03234055308436	3.86058741096011	3.80993025589098	2.54097222991323	1.26609884882382	5.51294126291901	4.89262425486734	5.38875552718583	2.37316960889483	0.71835844847958	100	0.261208716418995
2.71408778326773	3.68280201770428	2.09317955626091	2.42900494294924	2.51723584497263	3.67568520450465	4.00926196135413	5.54562631371054	1.45999004384488	1.96891498044414	4.60206380533765	4.81954648564174	7.25501751290187	1.30660722475082	2.96656392450756	4	0.00080585271870337
2.48782702387712	3.13925061898288	2.05993979126773	2.2396953107856	2.71253833765716	4.06058328554279	3.88602538277561	3.71907386689349	2.43777669679326	0.943142114374777	5.76876207029018	4.50658874874756	4.5365569605387	2.13679641536045	1.55669239055315e-08	100	1.02652299877585
3.22763904144579	3.79005976522233	2.23286746594382	2.76141750837985	2.63130603234281	2.39648835795493	2.869689575653	1.71406943170756	3.25636669327633	2.59374393800727	2.59356545546975	3.51586922538331	1.44446849306254	2.60283700221589	3.65047295295849	7	0.000832077091258432
2.89727412520336	3.75017007609294	1.75446053772218	2.85373142663846	2.20052631700603	3.50637896251515	2.80671775168277	3.24273248935104	2.77630187492373	2.20657797940523	4.75516903566276	3.42929831537934	3.73416137429167	2.75739517494364	2.85282638520245	3	5.80539362851074e-05
2.60770522374862	3.4170637596643	2.04142027649832	2.90636646954209	2.67983193503274	2.65037676670814	3.18266240721618	3.73500654311745	2.59874571290599	3.33733598769843	3.950325379009	3.31882529037053	4.93566013654056	2.29579802189923	4.32568935247532	3	0.000359802124490383
2.83162341120638	3.61611589394261	2.16407057675999	2.4335737025653	2.6290993926887	3.42619912573	4.62396415542548	3.19866490846592	1.88491394905035	3.07661355239464	5.44382850912297	7.14005930462268	4.02102826853539	0.957791403596221	3.85584888116839	100	1.01476665430167
2.30680514310183	3.30157133114312	2.01741074968301	2.52353179160978	2.8112483561659	2.97130468244131	3.85918610752344	2.72543746047901	2.34449622154434	2.45066695591486	3.98196591824028	4.61162413222929	3.6115252802115	1.49806328676987	2.99426436147047	4	0.000114440535841975
2.90986842850965	3.72158579773424	1.85872041279363	2.52399919530315	2.61307703833156	2.56468704003853	3.66258409115206	1.59223613755899	1.93611359984978	0.80390773609714	3.27109256114258	4.56125817242395	1.8030282926933	1.45004687043767	3.11314070058238e-06	100	2.18044476873677
2.8250564005698	3.68521525803066	1.93662627161665	3.14516071062564	2.56111787201963	3.30041003765949	2.82077915589258	3.60720042018698	2.84238645823088	2.28837780279525	4.17974451939453	3.03647828957363	4.77870921090929	2.46376868247643	2.06867440414627	3	0.000590844557687875
2.64208651998615	3.45149814875233	1.9361097389693	2.52220871367054	2.83769177447397	3.73035380073325	3.40340635454841	3.99710566116228	1.83212799680057	2.71404222135198	4.71935821283634	4.68022616693706	5.38387183967357	1.17384981188681	3.14256792175823	3	0.000494277017247358
3.77130118457479	4.26419805254848	2.03987265893523	3.26083550213349	2.85013709876721	2.40836655952345	2.35265001091777	1.86887775204078	2.03683615533438	2.29152185045773	3.05176974063831	1.97472081572277	2.13960844429126	1.71401650442144	2.77115127579265	5	0.00067161791379089
3.01127499784659	3.85640583958477	2.03026378354922	2.79004267348513	2.90278465934971	1.95401603835115	2.63157222851357	1.94436759581989	2.61141623547682	2.55097979282702	2.7561821535754	2.74863494624329	2.23272282013733	2.15324296930919	2.19190708196955	5	0.000167145158039617
2.24430100580834	3.4359976672894	1.76241786654484	2.64653614153464	2.09278743219092	2.87511784677753	2.88111917200141	3.52507422903591	2.33191328471155	2.82442956061554	3.64839519850144	3.54229580404319	4.31444282391109	2.43889288970959	3.83184032987123	3	0.000866324198812052
2.71500944595797	3.17657534499284	2.08032928287856	2.30105315097283	2.58065048254531	3.04510366960774	4.19248559678681	3.18644796808345	2.06426338813068	2.23476383192512	4.0235429321274	5.75377500718862	4.24072456029034	1.82690261453229	2.36560252045127	3	0.000563532846255876
2.22841012638514	3.18520496296375	1.84886801908395	2.5176658558268	2.43053602017151	3.32112214737001	3.62928201362188	3.67849338992925	2.33353311081821	1.66073941734714	4.53487914925029	3.5695475087895	4.90311537553369	1.67507703093076	1.41474883209388	6	0.000772512446744811
2.68301985950249	3.92213055362482	1.92636760996028	2.84975187338123	2.97446344720853	2.81033011281019	2.72230507807843	3.11008779220162	2.69237443699006	2.13834067135916	3.28021292563129	2.69390090164993	3.90217015929107	1.83495185513159	2.42469361227483	4	0.0001442821635953
2.26548542530045	3.37495148160607	1.86161540855707	2.47480283304023	2.35289679604911	3.83229807639497	3.56826217333322	3.56855035162471	1.85520460653841	2.74006944042236	4.67470193823985	3.8068890359388	4.63300453370759	1.4489715582441	3.0159652060203	3	0.000607622945461461
2.14950350929048	3.3726418480871	2.05269841517001	2.72133993632467	2.62447429863072	5.19395910648777	2.84740913887199	3.11090956249532	2.72691953480128	1.61341928538834	7.82751477397412	3.11154709635944	3.28655852110235	2.6337636198323	1.17418109002124	3	0.000417123308880107
