2.16359975499074	2.59403867454443	2.46860622529869	1.68928578014713	2.40520263717071	3.51088504104519	0.997771388523428	3.07979833573316	1.52138981861461	2.04405733785862	6.56587356124535	0.556480418047791	3.70732524838104	2.84225227799017	4.817643051513	19	0.000854011617519634
0.434572657125753	2.52320694732422	1.96952601600684	2.41932922366596	3.3954060075851	2.65146481589987	2.99112782350494	4.64525516383647	1.48752597676303	0.798743183836685	3.587175167041	3.5727677226925	4.92287824785825	1.55156920492571	1.60310940746745	100	2.5103232102288
2.81365277386476	3.00398015533802	1.63762485484138	2.69554224000739	2.31944156903741	5.07640921653497	2.25190044367381	4.05190602001887	2.20281272383877	2.6556930562205	5.84439717475994	2.44782521921426	5.16719944775555	0.892547226076121	2.60400566833862	100	1.6621315356074
4.43835653086646	5.69498746029813	1.59159030947948	4.3514984283199	1.60649425359557	2.07964214571428	0.377800316286354	2.50704029883129	1.9586733868986	2.67754297733653	2.79052209813566	6.90853107154712e-10	2.47740581908314	2.50049165984947	5.15336881013801	100	0.820603603413902
2.77211531978444	3.03486991011082	2.5958040143704	1.68333071172686	2.96506259998622	2.73339543952855	5.56415820317792	4.31321699945351	1.81981004484238	1.92283754780773	3.3919381323674	6.41180041713244	4.90300464137494	1.33770464215152	5.22489885729432	4	0.000332737474663114
2.85902069327653	4.07740758039161	1.30496977121171	3.52370997160674	2.82732857382523	0	3.0864473380888	1.80328476242374	6.88910960118798	1.00386446666059	6.44497952696288e-35	2.25930102368495	1.43832774815812	5.93459196347605	0.361051666299208	100	0.691369896071748
3.6514398135382	3.41489015928228	2.7530789344434	1.7724111443609	3.67925150793485	2.59345081605496	1.21462036447501	2.06377658715549	2.96325567070315	1.35673616550476	2.20970884881984	1.22696935353511	3.14356270874727	3.42848273124686	3.46635856716568e-10	100	5.75815235288695
1.45054414660018	2.71940513466902	1.77098355441064	2.02919090406805	2.566067919439	5.16897265224114	0.579037351465054	0.991249366148824	3.487792820502	2.70448770870744	5.48751015404421	5.44754233914607e-10	0.772492072517868	4.21967094588643	5.15192410967329	4	0.00047824174608652
1.13886089237884	2.41491504331256	1.99640848300796	1.68110716930299	3.25996064333575	3.93551964996203	2.12364868512169	2.24490466978968	2.82624823280475	1.53936415364176	6.37517349049352	2.03176265063925	2.92213747932516	2.6455197704733	2.52326122839063	5	0.000845633984430272
1.79417852349661	3.06779087580377	1.81973188712109	2.62327808616533	4.09776872264157	1.85677682820757	1.2980043233349	2.69662546953213	2.56202275574987	2.66606470389903	3.4897580378527	0.933046586391298	2.8285603291169	1.33788321057121e-09	1.9679635463064	6	0.00067206231302697
0.57862583241067	1.86442322270426	2.18332515567228	1.29882537074054	2.94297293155489	3.41196972455931	2.26949667845098	2.07291581755204	7.79032477132005	2.10532822554256	4.44540837040379	2.62655809394897	1.66527487828687	8.37145463770897	4.11887800583279	5	0.000280985976146786
1.76553098230531	3.66906540896755	2.02775384602504	1.8739339765173	3.08456556765707	1.89157197754314	3.48378985615024	2.47364235198699	4.64914603722504	1.61680144228793	2.73373963189876	4.33763304217044	2.68942231446267	5.27456810440786	0.934014195774122	6	0.000697329210112119
6.52219412956613	6.23248659979507	2.0751070634284	5.10414442008909	3.53280550870942	3.35982085410778	2.81239230988459	2.20957739077162	6.22161464057255	3.03680288755776	3.997628635622	3.78770298410983	3.20261885312208	4.49980294163831	2.83018540965468	5	0.000198168562652867
2.18845283638294	3.56010542483201	1.57446273830818	2.53762342718082	2.36726658648636	3.78425775129404	3.10580275892733	3.08810609790778	4.01737087475555	3.22421332916196	4.94072645868689	4.73582886236634	3.63344193697969	4.18737229819567	1.68757948131369	10	0.000675218204669203
4.56216067094061	4.10206133100024	2.66208561731636	3.26387027796033	3.23205193283411	2.24469825838377	1.53836888524395	2.4643800961923	1.84104826184287	2.26139380329233	2.46392096808943	0.667545590622817	3.43168481990334	2.35835673073943	5.18264076303689	100	0.3704040061423
2.5609899314488	3.86771692034386	1.91946347070748	3.37656627105086	2.70299151212537	2.96961413995318	2.45734007208106	3.43143806444276	0.931044441133898	3.88640292551387	3.54067149634455	3.06071370341871	3.79274265572516	4.77595090212124e-09	6.82207829191142	100	2.34598542878525
3.07671486301336	3.97623701614815	2.32104778168234	3.09809119287322	2.6121662638836	2.30297804934119	2.54124204305516	3.68441852489507	2.93450542139922	1.31185592607502	2.26520213736555	3.3623668534131	4.63368223849874	2.15640075303251	0.596848902003832	100	7.15352966063794
2.3777487279392	3.37509193248882	2.01923879329235	2.83311594084926	2.56170910625833	2.82521681647291	2.80630188436901	1.99541119264193	1.54173548738384	2.16921613848668	2.40879048129926	2.64010215807182	2.46454166072593	2.82557088472528e-09	2.86689744839414	4	0.000587047290454452
2.3960105454403	3.56722444604544	1.32763293152497	3.06640558566695	2.48674659237119	1.52478642572458	3.56515035867206	1.71008064440438	1.06762387983394	2.67561972111287	3.54017570517123	4.84734726310274	1.73312421309398	7.80288598697522e-09	2.73736916662623	100	0.81509181857922
2.9435186253133	3.03727273169379	2.85247950232177	1.59431306450467	4.29428614192174	3.23574065701533	3.60699974283019	2.92191587365642	2.89733464179608	2.88353482895766	5.57969623440613	5.79523261939419	4.91740458354321	3.4737253433607	1.43204411127954	4	0.000824882019740958
3.71883304400493	4.41847764574921	2.1981091845711	4.59282711502811	3.46726537254869	1.85047394087811	1.16076854749861	3.26373584143987	2.09780749078827	3.8770586118853	1.84822163571538	1.27916242759391	3.01652023796184	1.88107729842261	6.70177535102202	5	0.000220215105919408
4.35757084064623	5.3194844287333	1.85850973378043	3.91426276582971	2.98697618408999	1.76609822726636	2.18342055037706	3.29770557614423	4.98596271969163	3.12638597852769	1.2594377486344	2.82243104973849	4.47581508358459	4.22447605400142	2.62920144522	4	0.000852128075246261
4.02443132421801	4.86411257203415	2.29829205076328	2.87369585946842	3.34236764468317	2.50307745182569	1.26103916200898	1.29737734282832	1.83214131813624	1.53453644662942	3.30828392634302	1.13591304517139	0.766591319477669	1.19015567620861	3.03945313632193	100	4.12798268462716
3.76605361728751	3.99749533728222	2.12725385738454	3.16839461527757	4.29538854969606	2.88359248042844	4.46621417037746	3.26472540758709	0.895241403548871	4.63205267796211	3.84043754162821	7.80545275084921	4.03898085691256	2.54377074607636e-10	3.17725487610606	100	0.12139993544565
1.71176571144231	2.04319697587216	1.8318159853902	2.05449285222505	3.73916425628438	3.03441780079199	2.87528949410411	3.51406896048178	3.5733186802849	3.25433625885295	5.26759375938785	2.83310771247484	5.82447139242705	2.92135105781458	4.34628653968199	5	0.000494842693232522
4.21370326707103	4.94752249597943	2.01732051478916	4.19734697290752	3.73267612594454	2.86166893428414	1.68950145750818	2.58024977665118	2.48002961721272	1.8935489545783	3.9595852234319	1.47765946271226	3.62259640695368	2.21457916560227	2.2610696603029e-10	6	0.000393832695135923
1.59834979197288	2.62341997604651	2.16708018675157	2.28308834372657	3.18406734512889	2.24579022523797	3.75546705875531	0.939318316853213	1.74248716737644	3.14556893349224	2.81831528818958	6.0160033927036	0.96737404855169	1.95960473682656	4.3358785109786	7	0.000485950131310697
2.17396570158161	3.12387928641039	1.86434248312209	2.68947639729648	2.52188674576622	3.76915304735221	0.925879710527315	2.55785652274936	3.36346828397654	2.59163752851874	3.49706504936546	4.11839238639166e-09	2.33826661567674	4.10092006592658	3.8491971621809	100	0.984430842336548
2.74075010439708	3.6445152211196	1.9905606294307	3.38757921727095	3.02386183592944	1.28630082614323	1.89491474372387	2.17543982905094	2.16235352957204	3.01011404657383	2.27438836723602	1.84798906107963	2.17071015275699	2.29632299823761	4.60482723056158	7	0.000491762202157187
1.31687596288145	1.54615944003238	3.17667903215716	1.1872871810793	4.28164342025303	3.55116425710819	3.3071474127778	2.92789381383828	4.69839440397446	1.25857943013621	4.89256310062359	2.91355119943567	4.06606816317441	3.82873882842517	1.53730861999848	100	3.97014632932272
1.04750811795048	2.85695813812503	1.00201174608151	1.92816288521682	1.45395466345595	1.43468368052883	1.60810789543958	1.61266654175303	1.60374579381289	1.12232016823908	1.51971175434882	1.89486645279265	2.45937953884537	0.88563923236945	0.872170048176372	100	0.866938243094316
4.70397193746693	4.46499878570191	2.6631758361688	2.98694368269298	3.44662620115756	1.59716617533183	2.07565087781132	1.44734006748065	2.03393567667027	1.88773790523897	1.47015013725447	1.78948786770981	1.58494567606211	1.51273281130439	2.63008000908318	7	0.000876523091672521
2.73820008783266	3.21748376888009	2.50295705340233	2.3346820263605	2.84956920063473	2.7357717699199	1.80061451986009	3.04406293781987	2.54494863270646	2.0621395951315	3.33885480323832	2.6924504525109	3.79582232017219	1.2069164896197	1.36342560635602	6	0.000881129429761929
2.00611556124597e-08	2.11338626614605	1.12651925115298	2.01549622894448	2.40694359957467	3.30483857401769	4.88456388675551	3.49951154327629	1.10566030342225	4.05554919823278	3.0736606332003	5.27513826602873	3.34290783240707	1.41573846676881e-10	2.45429846372397	100	5.31958464028198
0.634523302544917	2.33709704738345	1.6741894383179	1.61424589338057	1.78301222374959	2.37473066231086	5.11251744996489	3.65809252574546	2.21403683849125	1.21960428084788	2.45439560826195	7.24615287580964	4.743186893968	1.72920251956642	1.55445302765437	100	2.30407294633167
2.31127833369984	4.81055447768789	1.10179745187401	3.15586618940222	1.42083856676066	2.68807899039316	2.30823998045617	1.5449052279262	1.58235301887435	2.5922340430139	3.19181995403547	2.22422519431888	0.697676528485695	1.26070663847588e-09	2.6869950287802	100	1.06005680330361
5.53628512877609	4.03111556854021	3.32488165626209	3.9673204151596	4.74176283634825	2.38096732665132	1.56268297028655	2.69156166332263	4.75138079745429	1.73108564525509	2.4159583364748	0.590214640135673	2.71232754805863	5.68262789010977	3.71502396621427	100	2.41883306825375
1.54491329810766	2.66428948523906	1.76070604540201	1.85551426544067	2.27841019877117	5.4617980756594	1.94152211093347	2.39605565386699	2.03662240625809	1.54117159140178	7.6573997948876	3.32047317551901	2.60755639919815	2.17286357009023	2.85374344770335	5	0.000309042822821182
4.00218752198395	4.79691217811308	2.25880912730286	3.00748635409151	2.46392846099125	2.73169553441805	2.09296941023601	1.96288834964732	3.73683436211892	2.14590410990175	3.52981986130545	3.40924975424069	2.82731446811843	4.49376554123626	3.37995233878707	5	8.65966292438181e-05
6.43926013466695	4.79919363095561	3.95557513122016	3.88367266862255	5.12350357637425	2.94250397517515	2.9604118477563	2.30180723054418	1.03556212752255	1.57378477620789	3.5967036204328	3.12496460608791	3.40900325642688	0.787474893492445	0.474314556688589	100	0.694122012595295
1.7928039205296	3.37738812591969	1.45709500851307	3.23284707103798	3.6342782239379	3.08562939612292	3.73484689027215	3.22879413624154	4.94195464769174	3.2854158012699	2.82019323934767	5.00824758313749	4.53295613148798	3.92603387050674	2.9437873062832	100	5.12793909547198
2.59739947250227	4.18924901808355	1.4050499691426	3.07685670029599	1.94659039707823	2.06073889719482	1.48085795487421	3.26747894160354	2.88958684526705	1.28094196972113	3.87539693088659	1.6093241115405	4.63529618566471	3.03361621860034	1.23037577182015	4	0.000747316669191811
5.13676042629761	5.24596726400703	1.96384337039987	3.86746104397084	2.80367816673456	1.18852180290113	1.54753469403989	2.7091502113369	1.46279205140884	2.73910687709382	1.07699771466053	2.14063852074146	2.89063001028726	1.17409666817643	4.55863103408827	100	0.514761724364189
3.72260885405631	4.2251403743023	2.20675411308009	3.67168110656648	4.55355617828276	2.74775405237858	2.27731102021518	2.19294014404816	3.82886480874243	2.9166645876848	3.98489136285859	4.04822878837231	2.3062406112315	2.8126658779386	2.5197062356886	5	0.00012656003098499
2.81325187046913	3.90676009205771	1.29641073027447	4.00656254152977	2.58839956812438	3.26856855568046	1.0919651677401	2.31452867915991	4.57466946109863	2.87457139527292	6.17541210027676	1.42234850003607e-11	2.19698188937503	6.73809251611097	2.22982108667605	6	0.000554765427995521
5.0009762388573	4.77316612494675	2.7545886952689	4.58056875176995	3.20238256032002	1.82809428194821	3.43696734641339	2.55000995629474	1.94200108850824	3.0200893690981	1.3660739377882	2.11548155240897	2.18053295693854	1.26452752103109	3.37741132490538	100	1.85578219800872
1.93094400610618	3.54811114317859	1.89655645023798	3.26817941406504	2.32271922264735	2.80726108266229	3.57013993199131	2.12344477546427	2.40141578768315	2.26497867080469	3.85547097748798	3.26191513144298	2.32484812883694	4.07976866906886	3.08842507753494	3	0.000278069435725392
3.2205953263969	3.92698158025264	2.00395115912756	2.59706512690511	2.29409069350461	3.38796901871694	2.22194379993979	1.10752262261073	1.90961058769775	2.28506076444687	4.98364396576037	2.46130378864935	0.12170135103813	1.98402738099043	2.17630659765877	6	0.000193262664086771
1.40766668180709	2.15409031289341	1.88736045939781	1.68216214475875	2.3036443371789	3.15287696911375	3.3933057593458	1.1876247546191	5.78726181206982	4.53867295733792	2.58573236221534	3.22918915425189	0.0307693509532521	4.82851830480277	5.10089501140969	100	0.909840412359385
3.42065798043617	3.2852407825227	2.61203302478214	3.3214682235454	3.88841333567438	3.1698879976701	3.56963112660071	2.34770067043407	3.26145833886265	2.73823577539773	4.04590084845305	3.39665818267786	2.89366078742351	4.13876765978235	2.81493982535684	4	6.80141897562159e-05
2.5936157439263	3.99569291818151	1.92816491665409	2.81055573272516	2.96896181455266	0.276871057680625	1.65897512557014	1.74820437938306	3.58684927466323	4.31543617505334	1.05671970338075e-08	2.39434976427872	1.97520477953709	6.14566300034281	5.0046412237236	100	5.6937664897288
0.439831016930272	2.53826259492634	1.38032092555773	3.15258252119983	2.51228826467973	1.32947917920764	3.16866761921613	4.59274680774941	2.63826662278897	2.82373009393626	1.78808694868695	3.01502861431748	4.18383937454408	2.41598466795942	4.04190190711111	5	0.000741380990236185
2.96108182209877	4.62372476414648	1.92637458550987	3.68192426031755	1.97741463871193	1.43998122732773	3.2322459388036	2.28440196870484	3.99609224467048	1.50053335262733	2.13247393643352	6.21199468420544	2.69945450930114	5.54476719748345	2.6220826831227	4	0.000438305993909482
6.12090295811663	5.7735611449637	3.34035157457906	3.46822075612674	3.2585329698767	3.44459480037075	2.57126564479222	2.6262987924089	2.28603430850065	1.69624462760159	6.91064145239774	3.13135960665405	5.15589107858341	1.29790318324164	1.80818245276701	6	0.000694625458885323
0.699157299924643	2.52003802433162	1.46892143071716	1.48849998136061	1.815992490291	2.47590073937254	2.53154258636981	3.81379181663521	5.07849055296599	2.60659589594774	2.7407859299446	2.52200051327047	3.77777379277292	5.47612867760568	2.95283497971606	3	0.000738334491281245
1.11463685673874e-11	1.51171969697681	2.02025270793001	0.591266942846409	2.70806820941925	3.74567634670899	1.71951638626397	2.89605763619765	2.57471167845225	3.48063256024619	3.54342918168877	0.940461550268577	1.88136729734803	2.34763343020987	4.23001634849235	13	0.000568310661334696
0.450245978917267	2.72848210516268	1.09053525048034	2.59753135489307	1.71486176254586	2.1129632245113	2.15358068784562	1.89408275166445	2.148711207126	2.13720366514894	2.89452509288889	3.17227021056265	2.27845436696549	2.17137516348811	3.27418041527801	6	0.000187786858230954
2.98681419191572	3.50229195086393	2.07589416683137	3.04925420850951	2.36211073130983	2.42205538661289	4.36157341286076	4.35478100505195	2.84901494351214	3.99136140801628	2.48819883240251	3.7335075943753	3.33439340353432	4.97831826963907	4.89342923063537	4	0.000237963592613077
0.326405180208698	2.39743088876239	1.33901946413824	2.78407705307986	2.21848215854699	3.3036209902054	2.25456560424873	2.05183645540561	3.93542669342828	1.76387371149454	3.52094234652201	1.94790402640101	1.58849656234982	4.07612958482585	0.505649906012106	6	0.000328407375196682
4.04524193517331	4.18298599255883	2.56919463905048	2.98153877746734	3.85550316222959	2.70824325806083	2.36694265675531	2.15482297100534	3.27556310260628	3.87309447357981	5.59455109150702	4.07799931315183	3.74442486585323	5.73749864047882	5.48019826261355	100	5.31746196125024
2.72917958594678	3.64869505824638	1.77763739761421	3.58032706851271	2.77562678922182	2.81683471418574	4.29830833752539	3.86553422763894	3.24470043938434	3.19788005553495	3.00373288555044	3.31887854954642	3.93036978298082	4.36075140038634	5.53641744523053	4	0.000364545925699566
1.51105227734565	3.72290765397292	0.991561922637549	2.43302394860765	1.36849826854337	2.17738674559044	2.5360415630057	1.78345036294568	1.31697613241753	3.02179226140052	2.86108192763305	2.90607507914097	2.35216843335954	1.49125368052372	3.34109193664608	3	0.000537959935166366
3.70050855014284	4.65719953220842	2.31178119956168	2.72256111008831	2.09361658872026	0.705172469108553	2.48515328879705	1.52674021429626	3.12895591827883	1.29118437436293	0.434712263897255	3.32588668413023	1.60830693917095	4.93369240381127	1.72209743362442	100	0.574138271796292
1.00888087242431	2.17389776433303	1.83628520986529	1.34562768817963	3.66453226424965	3.43694832237227	1.5525452403855	1.88879021556905	3.35251058061147	3.35006146983541	4.27837784562521	1.82046948567214	1.67568319404021	2.93924902235027	3.33051668873525	4	0.00067586835755673
1.30201081006462	3.02878074913452	1.43468228261439	2.7977004027597	2.81176072339954	2.99914198477465	2.54628688991508	1.08502442356393	1.37101563616116	2.25714498500482	4.79756288369477	3.06640574778735	5.27648612427836e-07	2.14796184939951	2.29496538608399	100	1.55283092779161
3.63729490867481	3.4142695124261	2.4279812382673	2.44077713139766	3.27996437878085	2.189738076014	2.1978503727483	3.10989145456693	1.55777107229738	3.8523170838196	3.15316820770449	2.58815762085507	3.73127148681184	0.821997504791095	4.57089554217584	100	5.81881008594114
3.69836272163327	3.75776780557289	2.23902761554127	2.90010857212634	2.8485476484652	4.11104270154948	5.85019534157994	2.04259773653829	3.25629510289854	4.84175285139607	4.8275224527088	6.30548705566163	2.56294784998446	3.14793080952841	5.80974619849071	3	0.000491111037841829
1.40427374341738	2.02096509334752	2.46351361904956	1.20250729264449	3.94594157371908	3.13129905602083	3.9121197261032	3.8512900045097	2.75621325235099	2.33093744379824	2.36326502771099	4.23132926648867	4.3876127714657	2.48061907905045	2.53167640211764	4	0.000500182528761162
3.23322434478693	3.35209517583048	2.75309168857657	2.26442760925864	3.34473966375205	1.80121417360478	2.98238446987216	2.1710001349568	2.83983749507624	1.77564597701428	2.55888037949272	4.14367910000678	2.13656595279618	2.69927452994518	2.94866038852469	5	0.000792745815399787
7.11940050873055	6.56203500573228	2.71215178102432	4.48553884381335	3.14478540625326	2.00274416525921	1.99685226340616	2.1783193149627	3.94796054927018	2.87500768140777	6.50487395747393	3.02802952389333	3.41533446869179	3.72598931435219	2.39399652661601	4	6.501211958021e-05
1.60389479909305	2.7279058757195	2.76193309982792	1.89182018519161	3.06414898305695	2.27913083679471	3.97775149717953	2.77645702275701	1.92963444906559	1.23910218835051	3.14049316201746	4.88065981882542	3.01270560562035	1.7344224870065	1.53121563468414	7	0.000425323723300508
3.26833263227274	3.38961984813722	2.68859532014926	2.21043215533279	4.45998822767465	3.46979799372612	5.44882556457575	2.01770735362275	2.21550161073256	1.20877787264332	4.81594250732615	6.10543854909466	2.30479878613592	2.5110833952146	0.786784832398632	100	6.60309622448786
1.42198096470256	2.74726837596861	1.63615993696492	2.07227786863801	1.97501618358629	2.35455196920231	3.3973663491637	2.92187541674638	2.90399995016735	1.12807924935395	2.23167590411665	3.69406559916444	4.23284826941839	2.95998003074182	3.07069355880552e-10	100	0.076986134283166
3.67726901131098	3.22293335184692	3.04308857860045	3.1653905891401	3.88400614736185	3.20058117350444	1.70015695167331	0.798617946489114	2.06489135487781	2.64701642225615	3.80933412005271	0.846711474888702	0.914027023468017	2.21964901081765	3.34336314292939	100	10.4806232984757
2.49793158407216	3.80897093002779	1.55438317641196	3.09239020759265	2.72323527457317	2.28785560849272	2.67706604556285	3.64809122167206	4.02969405253721	2.9259633019352	3.50679967849632	3.4714603987029	6.25157837423814	3.50413371970254	3.60999871735605	3	0.000791448798529881
1.05452790072238e-10	2.62880583169997	1.06633644685276	1.40676075976086	0.812193517011937	2.83058796481926	3.37306242604687	1.67068800934666	2.86931170210135	1.45416532283826	5.18369278046674	4.21932927600419	9.31338113192742e-12	2.11659355054376	1.9009941794571	16	0.000799079877766785
2.79803871955	3.47017167218381	2.55371106054094	2.7584423188942	4.70914084894859	2.62598402891775	0.788070510484474	2.98708127453133	3.60841525008376	1.06858904617032	4.49201847074895	2.03923321647056e-09	3.1180264088486	3.36541076176483	2.02408911777161	100	0.321588500955996
8.69193980780741e-12	2.58598492071789	1.20664473593993	2.09892966084288	2.25797803811951	0.933285602481169	3.17910318439178	1.92268269811496	1.22160523604689	3.68165020687081	0.772367596360807	3.43123037346388	1.99423336508259	0.0422101811586115	5.8371712435025	100	6.24369908067678
6.10184015001848	4.78898562404361	3.97002330498064	2.39265751187474	4.72639162955755	4.51361365651701	2.0431030714353	3.276745416708	0.669130463386428	2.31370928984563	7.45646634088095	1.76985219923804	4.37991298155693	5.22995157874166e-08	3.03016591882541	100	0.969863920632046
3.74694337719666	3.96035130099416	2.94913415594971	4.14031078260746	3.71544130474417	2.80352491742984	3.37568153039205	3.20614630030278	0.414494603720849	1.50874884220193	1.78901702955726	1.98116355033336	2.41955259288396	7.67976839554939e-11	4.61411401699601e-10	3	0.000456882788312528
3.52158733414286	3.88656609262475	2.36377912858296	3.44721007340343	3.53905270826631	3.54495608548863	3.37721298182585	2.47859208867748	1.07672330475682	1.2487813148422	3.53303956015297	4.52031167385852	2.72333563467451	1.36265778027119	2.08981334013083	5	0.000702626960048525
3.81739846497107	3.35406479934084	2.87301943813949	2.87950684339048	4.60561926187444	4.30850076139	0.882510453322412	2.54573408804734	3.21000698677881	1.20115525565884	5.18403975385804	2.97713859271529e-10	2.81701354559444	1.71014092647073	1.05067078477487	5	0.00013244006523332
1.83115694575983	3.50605699569403	2.19391083624021	2.17002390877985	2.55260846427523	1.4619081081054	2.65208829445777	2.34348096249083	2.94303156920638	1.1830002194269	1.22940599819823	3.72896292111867	2.82523969499854	5.71171893641567	1.32725015181992	5	0.000654594101630934
7.98138249691372e-11	1.59351602589024	1.64613518538724	1.71529938494232	2.40133836021402	3.39078804390117	1.16234691580246	4.61653927232507	2.23015090411861	3.84990894038911	3.24168795638182	5.89409499812922e-08	4.69847741591676	0.583830831424579	3.52981717151528	100	5.84732786707758
2.17490089774395	3.2284054788308	1.79619479397116	1.97206356681052	1.77000852730787	0.909681723204569	2.78317726430194	2.62947276847961	3.80889808127769	1.17123263058701	1.20657487787433e-09	3.94793059251882	3.00364548245605	3.32535056448258	1.52265844140646	4	0.000908997211563
2.89453498792358	2.39424188627316	2.98597770678042	1.6621769749923	3.25794728723268	3.1351951410019	2.45545486320023	3.31958846409121	3.0323646227192	0.919414020112905	5.51099309283137	4.00938151918393	3.29718392435419	3.64270301961363	0.68199037661175	100	1.56424281757832
3.82265548325789	3.93680632407852	2.48979296630606	2.66174424665199	3.70245620050414	2.46726943836186	2.93096509856553	2.25989369996099	3.35713162561236	4.91659080387073	3.06870089696438	5.59724020762595	4.06417520402179	2.04536770218887	5.68971062336103	5	0.000243830254646138
4.11222517448545	4.11641807955098	2.22328917678789	2.47482258144465	2.54257843115551	1.28711312587584	2.20987951530421	2.096752598431	2.51571339897735	3.73461346068489	2.31346843999774	3.61992560592581	1.88403607362282	2.62924593129506	5.84778990198913	4	0.0008074793987074
2.30290461297079	2.66492858209005	3.16323595228133	1.89931915645735	4.09254902246704	2.77603118718637	4.2340532114532	2.80041159306008	1.17912275468323	2.4077791774845	2.93562647729159	4.17238073919961	4.54876508648644	2.17724581835479e-09	1.84128812327539	7	0.00032769229542408
2.44916555814711	3.59653539887952	2.09588754513952	2.17719100126818	1.90424058632093	3.3234551119757	4.37877591063982	0.586929597175033	1.33846866941023	2.10424636688637	5.59887434667307	4.79404645688601	2.73863131520431e-10	4.96340081516332e-08	3.08243303741142	100	1.48784342789415
2.18858794569154	2.93823177125041	2.38628785533788	2.81803561553623	3.2427785130019	4.05839239211554	3.87300988730551	2.19732834663199	2.13371505630717	0.942615414481828	5.82168091157962	4.88638085109368	2.64366562099701	0.84367306670717	5.1829290613418e-11	4	0.000216800011863095
1.06128329078896	2.28607970472172	1.97574350532136	1.0557283793519	2.52174408238207	2.42113227427393	2.61622253909879	2.60400151047919	2.14675241337091	1.2691624957302	2.54385634075014	4.06926022268827	3.86315053703638	1.96173656957492	1.00697977400125	8	0.000515521008481734
4.93804511408992	5.24131071241522	2.17304152702105	3.52489056537118	2.98487198699595	2.78222452346498	0.722091070310247	2.25556474057713	1.3512549871801	3.35204322740716	2.7559587578364	1.03730208692968e-08	3.43471322032176	1.4492747529621e-11	3.39863735690922	100	2.06735616502086
2.39531057313823	3.20833150114799	2.18929862781182	2.24272955066321	3.21549192035881	2.84814968888179	2.23168409707227	1.38276012518118	2.29899688995389	3.61806654623325	7.17065934370612	2.37380983435291	2.33083374884576	3.11440404507717	4.56449768077093	4	0.000313841784057134
2.78028167038223	2.97845643094078	2.70327990393667	2.25775406920751	5.97332275909961	1.34497170221315	3.22964090975159	0.803915393406497	1.95115167502723	1.32095985775903	1.12216169108444	4.19628890330817	9.28444333098151e-11	1.26496072892532	0.26083887399392	100	0.887956908321294
1.06778957922388	2.84416014924399	1.02341570611285	1.80914417900331	1.0735551341362	1.98066431466166	2.4472249689053	2.52125235516064	1.66249378345187	3.88386855253632	2.03634716841512	4.0751218102545	3.96325961884177	1.98564596625342e-06	2.47118788282604	7	0.00073129673883094
1.86166027872685	2.4254386082897	2.48787689628507	1.49300206182362	2.68163672234302	2.8110911734586	0.751104616581739	2.80010093927842	1.16556116716169	1.2480832083359	4.73635696765353	5.45002659090683e-09	2.7938985771408	6.80593894981882e-10	1.94076990288393e-08	100	2.65845396518216
3.66806397570437	4.40144832715959	2.3348174499644	2.78475236868561	4.47736980859966	1.23821859558996	0.425312900854645	2.37669635493381	3.275092624086	2.37957274299096	2.30041770577499	7.19119970237542e-10	3.04373914386629	2.22889116893541	2.64463914746606	6	1.14140511207626e-05
5.96408965166504e-11	2.58103100100665	0.675301785195408	2.09590446512748	1.16296556798919	0.60538432581544	3.09472955283523	3.69745451440621	2.12985205178808	5.77439787625716	5.63954945390834e-09	3.05739343732895	4.03504087762159	1.62858811854066e-09	6.72221778989203	100	0.516129824641426
2.62592158652064	4.09877577248063	1.67533833387622	3.66071855825265	2.56015443019798	1.6872752824327	2.18833383894804	1.90552093279536	2.12719331116711	3.07330498096097	3.16917400079515	2.0341927420515	2.55384756968129	0.835555451290683	4.21086692394798	12	0.000851570880251895
