2.35400277567475	3.08591341814386	2.28730602697889	2.32388794242917	2.67203156079195	2.54674054883939	0.744655103136768	2.61368249360779	1.33841723225439	0.96228189972268	3.58556987048622	5.32967169359071e-10	2.81368545394946	1.41617861310841	0.665685141795688	100	2.26738713963032
0.89956270019441	2.92534119112151	1.55557929835538	2.29269549185682	2.51386875352122	2.95578626382875	2.65087337080792	3.32977831773451	1.62623616490079	1.49884103400297	3.59724137134202	2.85928889457974	3.50517524128349	0.761339194096766	2.35572575370273	4	0.000195456928125282
3.36239328895505	3.40878293840169	2.20783360566276	2.70689976493583	2.7939890919382	4.06283344883834	3.11939015457399	3.26665090397314	2.37503854740936	1.51555415621969	5.06839496849685	3.63026586643189	4.06836239716567	1.62724830013908	1.15651994239531	5	0.000398959953255007
2.83332125709137	3.96980887706698	1.79234026100795	2.83292918632401	2.18345441870744	2.02089665500452	0.789753201205136	1.62050775016518	1.32441972984125	0.985117004510757	2.26164052472076	6.58036652387166e-10	1.28337266910274	1.1860878297265	2.53856438958325e-07	100	3.68389930136557
2.18832343835787	3.14573123730295	1.92072865064416	1.93000516353948	2.59383987121667	2.02672756166237	3.31455325222229	2.73244323669054	1.33671294284604	1.60950544190502	2.21568561584189	3.91986773660169	3.42302052947783	0.801689697855346	2.78421463944328	4	0.000227709033202017
3.39135629348079	3.96377882250365	2.03418987246654	3.05083661402501	3.00660728148928	0.634405856469262	2.49253440373702	1.22525560813156	3.55548589899049	2.02199373872477	7.01323584750046e-09	2.4791442697843	0.80431068143015	3.5507603879242	1.90630765739295	100	1.01354309019275
2.46493261535734	3.4937958799367	1.71836602010912	2.29621603520304	2.32741307355692	2.05495773186487	0.630932307691069	2.25585821617495	2.8253959162345	1.036481278194	1.84419804378675	3.50920017069091e-08	2.83358841655341	2.97424511206779	0.240642003428893	100	4.2331878856748
2.50977101363802	3.44010387461276	1.92717781712067	2.63143262266772	2.7714139828122	4.00524012693347	1.48761251211629	2.09818972959235	2.5151984576555	1.7637470767102	4.80561646830706	1.03916297835586	2.32047424909366	2.9046301006899	2.64133066696779	6	0.000274230236073203
2.4775477409621	3.51213737700108	1.81286668232726	2.43452868988941	2.4745793794517	3.2822426896728	2.02960228422595	1.76729973591783	2.46151772879458	1.8350358813701	5.08032205921715	2.06622792889906	2.0073658618535	2.18426541901963	2.33504340518868	5	0.000242370929250946
2.11747661262389	3.16975837578174	1.81262301058452	2.36149641588606	2.76667029783746	1.26136683674931	1.41369416244335	2.71143891762992	2.46914362102132	2.47181388775393	1.5288889434219	1.00990045413176	3.0765338342469	0.986121559121964	3.22704464264196	5	0.000573820548601556
2.00882815035739	3.08199040023769	2.01618464834851	2.27398317357282	2.28736813667829	2.69567188797709	2.62747695333907	0.869124901964166	2.00168628644584	1.13210344811589	3.32142124543471	3.07520680854991	1.13418526957133e-09	0.934088221842564	1.09193558313982	100	0.524385664288029
1.7744819610963	3.15353389215817	1.77954311211479	2.06981383400631	2.42580350277114	2.64389546625437	2.98012120203697	1.74161931326587	2.85757289051157	1.87130110354403	3.81249751799803	3.67916686140928	1.46506722698108	2.37159649391445	1.61766811674203	5	0.000464795766704995
4.40622792383071	4.40365198162236	2.11889881803486	3.37393516820391	3.07223461317561	3.44442246042434	2.10719231711526	2.64979484345391	4.69356328784337	2.20804935725233	4.08808094498525	2.25359985222894	3.50261307144283	4.16701960344046	1.92311370205732	4	0.000781757565530894
2.57085625548181	3.57373839835679	1.77659218927424	2.64508299989833	2.48982790208855	3.75168396807323	2.26547851800867	1.9717024759215	2.69873792761372	1.91060719396346	5.1395622465828	2.79233161171101	1.92149172346118	2.53334826341433	0.942862943870412	11	0.000957207615360445
3.08040139881984	3.54009875211339	1.9066633126731	2.64972507210832	2.59636818638041	2.37158884632785	2.65311016863335	2.99681013519915	2.01098511750809	1.43429192295739	2.79831170009356	2.82626002492701	3.46830894342719	1.78471823865851	1.71740206588665	4	0.000516963951164184
2.56069999188436	3.73930492523821	1.81624482138209	3.03301277381785	2.66337722864566	2.80145320855171	2.44140741213499	2.7862502425466	2.17332402670643	3.21294721004487	3.51080803316646	2.7973753827559	3.04930540506271	2.05875560179012	3.71250090521419	4	0.000239278499976292
2.81510415109283	3.63895427107467	2.05812296132707	2.8024916467892	2.30835867553283	1.65276177982496	1.40230691741421	2.44637044655006	3.26744621684028	1.17427241813912	1.77941217724914	1.37686434897277	3.19019338198486	2.97378984921066	0.75154651937922	100	1.78241267317948
2.43327725953242	3.56453306861081	1.92971697477209	2.69085719644829	2.63891394413522	3.12085652094102	2.13690865392646	1.88936614779884	1.34017613492059	2.56052446296425	3.51241849760845	1.79466747404577	2.25483667735674	2.68755009940186e-07	3.20312078268104	4	8.05881104148868e-05
2.92484653685181	3.8609586900472	1.62422222932914	2.74692852716628	2.41946468327196	2.32280649611901	2.55795922643009	0.778769849025167	1.74713350040989	2.64054194724833	3.8139725241866	3.29266458073702	3.4416210279624e-09	1.17801906309543	3.14114510591721	100	0.444270375709508
2.66693529219944	3.1640399393431	2.32776345774694	1.9826691017971	3.19561920280452	1.36852016451864	2.59937500949594	2.47363349167451	2.04499281881665	1.88764733035576	1.44672878716851	3.52276174095547	3.39165191825228	1.68991777582778	1.21973525664485	100	3.81726482212713
3.02875135744856	3.81657541299709	2.09638518715726	3.22511164689163	3.42074109177796	2.50742170803749	1.85057892332229	2.26386833882838	2.79481239141279	3.15190361312634	2.81803895089298	2.13974550259959	2.07698015723123	1.99168849407893	4.03205603800919	4	0.000981389387481935
3.19795378477718	3.98333223720679	2.00632143412451	2.91769739028145	2.76893511233139	2.36282919172791	2.71784265278892	2.90422649939807	2.66588861713977	2.19769158459034	2.15969836116815	3.18510685630375	3.49878960024569	1.84394481929728	1.70527309902829	4	0.000440807062799475
3.18342988721144	4.35009868106094	1.83674830005802	2.75309455006251	2.52920101147022	2.20709692462859	2.06890913350731	0.734507529384636	2.27100649807365	0.793498100602241	2.46439280609801	2.2265574068708	1.68899424795055e-10	2.07529134396549	0.287166223985972	100	0.405503099163693
2.74441280192999	3.71460980821949	2.03652449540672	2.81837899122275	3.05491658639641	2.20835762191485	0.603231064114847	0.638013383236721	1.50822073630851	2.85440699313948	2.57768139790441	1.18107535508546e-09	1.77792758929523e-09	0.875299115181465	2.39166716961825	7	0.000120221751223754
2.48940002092687	3.21191493181696	1.55676547499079	2.62299200074995	2.53134194493494	0.863288482835175	1.56000409507198	2.23869658965461	3.12697641332913	2.28640350706573	0.740029992572305	1.2082891640576	2.8118144384534	3.48782214189408	2.44796671202736	100	2.1658633498438
2.67640504148254	4.00326288235917	1.85980032695014	3.10881955704445	2.72839391433652	2.07099322084928	1.73915498746183	2.03367352131214	1.63224938360389	1.27413712267668	2.66044201519252	1.6207176227446	2.45756301758933	1.01230084919735	5.22427422017009e-08	7	0.000719566278280382
2.20864247119859	3.18678389890175	2.1235792520472	2.61351049554307	2.71236408635721	3.19981162925036	2.32331177991833	1.57212177071839	1.82395688896569	1.39778234875737	4.49228467663311	2.53621502793843	1.37820705901721	1.72014931223495	1.47476364622285	7	0.000375612672858239
2.67926067389819	3.5063271590413	1.83202569729201	2.62542861362947	2.48507303511971	3.57218204550891	2.13432956607225	2.19846385518199	1.34317601376804	2.02386994003767	3.78405507396278	2.37501995748225	2.32658141379509	0.196837831972752	2.40130269318201	100	0.69225982970586
2.41971878545879	3.42995583648422	1.94809740656324	2.99778253901251	2.68487057582711	1.87191577125418	1.93269541743282	2.49704585511267	0.925383037035723	2.53511531633144	2.72249934540669	1.77102867563206	2.86993118639034	0.170272618249575	3.34098298250361	100	0.260121710364472
1.13156989825626	2.85373921259916	1.47326103957175	2.29144540530941	1.86904680290932	2.74711146672863	2.30654098923231	2.38494434815342	3.02836680430094	1.9884745632436	3.56972343992812	2.07018945932232	2.66426979414052	2.28861803900259	2.41623433763844	4	0.000880292426316709
1.79856002384284	3.10931395448804	1.42409210753216	2.2840422923289	1.92550397294216	1.19640559977991	2.96191155756251	1.44806476562756	3.43575374535441	2.18115534842147	0.98218636671881	3.23518427661971	1.5344214305933	3.38805965189166	2.81335585912449	16	0.000715989276920515
3.4238910239202	4.07533248344539	2.07546445350296	2.60844489914402	2.7745536899621	1.75163021888771	2.21894000730951	1.87253038331571	2.70883366761139	1.61754439982456	1.68186635640794	2.38507556490622	2.35721668836318	2.63935965031595	1.5782777635538	6	0.000363435389914901
3.05608986400285	3.60146288449454	2.28865577569902	2.65291435024354	2.56847992136732	2.0980067792343	1.93387175475302	2.19554373439997	2.5506472092463	1.91144436556229	2.52151437842749	2.54105873902154	2.732838916401	1.78481928841634	1.56533131148518	4	0.00012336455744677
1.3761909353455	2.98178629193137	1.57529338321335	2.34586157295074	2.44799968420611	2.57461303335055	3.83662655923851	2.68301001817385	2.42510398008424	0.901569383292253	2.72653902324312	4.45773265266322	3.09563991992088	1.7197355703022	1.7260977558073e-09	100	0.47385223067035
1.84695734892046	2.79967428265003	2.01859088744589	2.11535582749336	2.28632964519439	1.82883319334168	3.12592360575653	2.54349084209455	1.87985940854747	0.530173155361846	1.90344482312742	3.9559100364563	2.65209524836725	1.12825820969659	3.24909656961651e-12	100	0.140869016515161
1.93283490779421	3.49818468763418	1.43492863134781	2.4708101132356	2.18721773115522	1.53571564233554	2.57055928235088	0.905653129483117	2.69575750048583	1.74478647501612	1.38663445902902	2.48282409694331	2.82971033382618e-10	1.57089764580009	2.00616661337395	5	0.000262396484389598
3.38001737590783	3.68263018104851	2.22570175879925	3.14963017258693	3.23563697104995	2.51400183896566	1.84590297557051	3.66624478269143	2.44255518096008	2.03773845238833	2.88942312460625	1.57811984696674	4.35861640978709	2.17557274464924	2.53764805935912	8	0.000426678710476525
2.40732292120798	3.40664881287488	1.74440014454088	2.44631738859097	2.3661524768059	4.3203640598814	2.7611249902074	2.79898953347517	2.04313575370122	0.855501393720178	5.90146613230708	3.76984573047232	3.20632478261368	1.8042557104643	0.568457501812976	100	0.0973604787455374
3.10518575560062	3.76777838131647	2.23017273764976	2.31603677994899	2.38209670167955	2.47269661313314	2.24369992369588	2.02979032334638	3.44985898032608	2.97691717073857	3.07566304702346	2.67288149627924	2.45266394772512	3.33297140804666	4.64041992927438	5	0.000672858555628153
4.0745109688375	4.27430593956222	2.47332206415263	3.16141252398242	3.232220871832	2.70626241843178	2.62910264578662	1.76074581218163	1.26977566824436	1.06472515854379	3.35907297936005	2.88735098242701	2.04499924126076	0.629694050177027	1.47840385409113e-09	100	0.220730485904217
2.36013701686735	3.50572778287503	1.53502270097737	2.84163584801915	2.67257964614533	2.64854164618747	2.61908101901119	2.37862319003274	3.01655693363905	1.30537055773209	2.97743021339089	2.94596917007884	2.44628197044865	2.27024006583961	1.24838135608806e-07	4	0.000543618783236468
2.3215529619605	3.36918187431559	1.80023165848969	2.65567593672216	2.55544304841534	1.67338293025123	1.93501108775099	3.88424544994516	2.4001290597739	2.40703292725706	2.06877310740894	2.18441095066463	5.18594711063561	2.32503307309389	2.7389623153776	3	0.000364597110576348
4.01228544106963	4.22046184996665	2.03767378867908	3.21076015738613	2.77048080892814	1.15665870712151	2.10316594302427	2.50345923567766	1.52351547868578	2.27063155122968	0.880672641217343	2.25282813236704	2.55005046345358	0.869130417001925	2.93846052358	100	2.33886622521096
2.89471236728154	3.80134101214583	2.01896316893168	3.05016722517612	3.34891367364003	1.94183704458624	1.56183060333509	1.69779670658186	1.91091990853893	1.21399493803506	2.7466252038013	1.45275027504902	1.60205527080339	1.16748697271998	0.703089760796093	100	2.39800656409439
2.71963732621566	3.62493696893709	1.77937214167104	2.95803904399104	2.72192545443817	1.98863099427497	1.38276277373866	1.90850247102491	3.10281462776545	1.96228342345878	2.92853550419416	0.775133437994386	1.69046603501371	3.8875315941036	1.40333844922784	100	1.26313701243116
3.43918628787106	3.58927977888821	2.51396452833128	2.87238784170109	3.09620270086071	1.37287098389221	0.966571560940077	2.3604427382497	1.8767765573457	2.36975554754856	0.891812085607767	1.84093619923495e-10	2.50586143134888	1.26773031417608	2.30563262622529	100	0.385542220133795
2.23738769690387	3.33964019109039	1.65973489798372	2.84079191558915	2.02864320141753	2.61890050486701	4.22268734555088	2.66780230288723	2.36156805260262	2.21199184443712	3.53121217358103	4.2670326830072	2.82725299977172	2.94328761662143	2.23546838470322	3	0.000144009643460397
3.00730374316331	3.53361048067454	2.15644141751482	2.48946463856412	2.65496429733731	2.64773271809037	2.58656438787355	2.50868440949613	1.48527630987796	2.59976956795902	3.61398042042951	3.08344238845576	2.39201777445281	1.23453191654763	2.59924357868572	8	0.000767654430736675
1.73186775753585	2.66958581025801	1.86969598725889	2.27006155043485	2.7107172294289	2.55695907677722	3.55831685885561	1.68063475047639	3.21881821414201	2.42768413526366	2.55981662815047	4.21592233669735	1.15881572525435	2.37861750007084	2.11534476590335	100	2.95573039823554
2.99454291746209	3.67641404603462	2.07055642335218	3.00913145480803	2.67437312637972	2.12066134490959	3.27108196735067	2.78137949856622	0.659277842256066	1.61543761992405	2.37445750751972	3.30930960307606	3.12675448316048	6.57942897384162e-10	1.30799975220578	100	0.178604344474817
2.39554163178307	3.71458861595044	1.65520320052641	2.65882377612132	2.21445294748783	0.606672845170951	2.40425868653886	1.76794087582019	2.48546670262116	1.87866214665199	5.28239364131224e-10	2.82303550702549	1.28633260349957	2.43119396129741	1.88343550188652	4	0.000823161512806245
1.26447416232477	2.83246684919987	1.7308151130239	2.49053983640017	2.78032149856178	2.76919445399136	2.92275003935266	3.47510670897291	2.24764768469966	1.90228622644008	3.7004950572789	3.0430167691583	3.4813662444508	1.5897993151177	2.23320075626982	3	0.000114994487981246
1.9967651250616	3.26756290771756	2.20988452037622	2.65758728381187	2.72900871474734	2.00356045374782	2.55813783720691	2.51577396160762	1.81057238921054	1.16011197254902	2.39599956960273	3.58437770176099	2.89486274523513	1.84941412432212	1.1682448722047	5	0.000458054028478205
3.67548785705139	4.23528528441995	2.20647203921534	3.08286013346605	2.59299398207173	2.38434235253992	2.89001703171746	2.03501001227029	2.7620986574117	2.02875947764888	3.48687452600597	3.47813134698554	2.58751689956842	1.84862137269208	2.15295914775844	4	0.000257094995520513
2.04479425727133	3.1699202405994	1.99101283636595	2.26019180314055	2.45586686234655	2.89007852261502	2.50027350736304	3.08828719986238	1.80088090811505	1.47673588779168	3.5109829248186	2.6489005918342	3.05440719313697	1.06281126061361	1.11436739117032	9	0.0005915619005461
1.64511415609243	2.91583593173941	1.87301027240127	2.10046186595948	2.82647910454259	2.29067576805465	3.01946024216203	1.80967783759356	1.23119623460305	0.929763119851128	2.24950115489005	3.09972818520785	1.54364413711725	1.24846249801347e-09	3.89760643497074e-12	5	0.000464201909328603
1.31064552031656	3.19069918185356	1.34348261780528	2.59520184988474	1.86027669476896	2.15913249647452	2.91740264580174	1.72716522985224	1.54217754564028	1.33823756263569	2.81955708104804	3.707637733984	1.63400533673891	1.16266206173968	2.29777452386018	100	1.87616286988093
2.95785088920872	3.87051173273122	2.08844792850494	3.22427273469978	2.74080699259337	1.69170661003591	4.36159893320948	3.60835679271896	1.99587544605885	2.53384832158726	1.6408405679261	4.48487078550832	3.81061224709039	2.6003651528632	3.28735859763151	3	0.000470928398041526
1.85968656041235	3.40573903708507	1.62886974477368	2.81563668161261	2.11574835651356	2.67497859144795	2.88599107514743	2.24883791000247	3.3346256608497	1.34937223274268	3.75095852177932	2.9099747434249	2.65528334105447	3.31475834335017	0.454892570568931	4	0.000349511925901491
3.22348533993971	3.95048963231316	2.15393077053695	2.91382093893569	2.83222020769797	2.36710216059289	2.98606732332615	0.657121431145372	2.24217138577729	2.5526216611474	3.51524946559562	4.14104383411663	7.36193899352407e-10	2.44353510389486	3.33998951738152	3	0.000634653001148434
2.82249768784472	3.73969194149105	1.8592569783015	3.11735545057147	2.46222605538028	2.27634086471608	3.27475246519897	3.34038611086027	2.62903985441908	2.12929394023702	2.40795576027222	2.9043656674645	3.64143395694286	2.84415440549322	3.13578800485743	3	0.000709788779697407
1.69188763633957	3.23805523055562	1.43934510252324	2.33904733887455	1.88630221647303	2.21234895711402	2.5860624650734	2.68564467822075	0.92121395130703	3.28092968140419	2.64870465028745	2.62860085289302	2.80514240295508	0.389772204919509	3.61974386691816	100	1.63091388914796
3.12815841764164	4.12535213208724	2.07140188312597	2.60334609826492	2.41212365009414	1.1286784159454	1.98377937312911	1.08238352133689	1.88951483356514	0.986335264191755	0.8257257543384	2.20532962580407	0.828094670807056	1.59403203842389	0.675352010112411	100	2.5899817716795
2.4900900195676	3.33072574611587	1.90307390629791	2.36685309810897	2.93482551152866	3.47063374418513	1.54516413435064	3.0663850882828	3.00815935409916	2.36944019594659	4.56300234255965	1.38998584657635	3.54956009937423	3.28712634108252	2.40004553670238	5	0.000933597604497738
1.70490044933167	3.30776874895271	1.37932529180964	2.59010171139136	2.11372792146783	2.52651770867022	3.18481718656032	0.656202470904349	0.561827334076777	1.44414018423925	3.02363449749683	3.85178684242414	3.09686806965353e-09	5.43995319727609e-09	1.05633056674676	100	0.528052539879709
3.46558848829315	3.53584992933831	2.21794281648991	2.4718136619229	2.82118391005245	3.21195253239881	2.57920741575548	2.56993219364387	3.13796113994324	2.31104380746616	4.85190237915568	2.8074725677337	2.92240368722669	2.79223311915319	2.04037469023231	3	0.000278184932962944
3.37019803222831	3.84573094097454	2.19278796247782	2.70127021618882	2.93475145412961	2.55763062580578	3.56595802040159	2.90490276265707	2.42874588142899	3.61757478018758	2.97447234183414	4.0867190036323	3.76567355215567	2.35416381180874	4.02797382873035	3	0.000585496381369843
1.94038729531115	2.91348100072752	1.82125341239681	2.00588352267822	2.78991560237168	2.81490262063018	1.60408803297584	2.18113822853315	1.88866722166249	1.90671567263943	3.18087437773758	1.28160340084064	2.51666411031729	1.38469691877629	2.03810664466777	100	3.89882305265142
2.36334460212904	3.22402178866295	2.23891854346037	2.35414650686799	2.86560332275106	2.52374044352438	1.99678761768753	1.82293640363572	1.91209493186428	1.49852468132155	4.09207131111504	2.33062914944322	1.4333196314506	1.49329891635018	1.74211459868981	9	0.000892202841748846
3.59515768812202	4.37005449927638	2.00984616416508	3.35150043508359	2.37051204433435	1.65746129494796	1.15709355037408	1.88076580823054	2.69228830515464	2.16273197151619	3.29425739438746	0.874103887681841	2.25350024451156	2.09494844824427	1.8358224782281	100	3.06678423728724
2.43926912920805	3.71652684611298	2.27727999549092	2.66050308124995	2.68987324041681	4.11983261750228	3.09183254949009	3.28434776443459	2.14817024238991	0.888504685069754	6.39243785752858	3.24181198706609	3.82250925070635	1.8552705036488	0.576862893239446	3	0.00035414016598545
2.96305372344295	3.62326610423048	2.04321614145878	2.6835550023678	2.87846738712514	4.02562244638275	3.83010448306272	0.57344271980769	1.2454328242183	1.54517316384879	5.4875914185031	4.30298937971948	1.92753512832702e-09	3.76232350587075e-09	1.35910668231672	100	2.56975301933215
2.29237695194941	3.14255664428215	1.91309478971743	2.3575276193852	2.34839843165701	2.27801899382142	2.39420198120299	2.47555373300563	2.17072541638097	0.835939802224684	2.29047862127588	2.51777019938261	3.26008478061193	1.73147526558729	3.76223836709527e-10	4	0.000190478433566483
3.20934990052705	3.35296792371488	2.38469927092021	2.86253068101899	3.03262538297833	0.632938522584433	0.781068651721842	1.53491115976209	1.60168221267534	2.17621443069038	2.04629250398345e-10	1.27228962469109e-09	1.84194005133343	0.871093048966752	2.31477828366422	100	1.04422596038001
2.81480180228148	3.84062644657583	1.72352389853837	2.91508603535065	2.37879611445139	2.08767400976583	2.51645096110597	2.63410629690857	2.51762028009312	1.87263420158536	2.66333701163237	2.69465720980126	3.73391082151647	2.1911083023947	1.97993570233296	4	0.00021965636402399
1.87782590490546	3.03439537662499	1.92035095559867	1.91745907451083	2.16095484832919	2.74862422003849	2.73953905955015	2.2768692351507	0.933290678861022	1.45585421177465	4.32491906461691	3.17415723949074	1.83301992675375	1.03170841290531e-08	1.74497627195294	100	0.796613438466952
2.73620002530217	3.7797445528423	2.02187680831671	2.72102272109988	3.08648412996482	2.02805450328051	1.79996633425028	2.21660687374493	2.66246251254019	1.77717227601371	2.77792384611307	1.52767200241517	2.28463403218039	2.06178705106285	1.59327516286783	3	0.000980279288231412
1.9183164950323	3.20693108317609	1.7579296073452	2.21863044515629	2.4099722410112	0.404223525268555	2.44588852025867	0.571297469879043	0.956082450576877	1.52535001018332	1.71598695330915e-10	2.71731918861692	1.75568335405073e-10	2.27936938212613e-09	2.06239702522318	100	1.88086443330476
4.2812607973332	4.43094788215008	2.57305337699016	2.69732899301343	3.24404331051937	3.64905090151534	2.7130944300626	3.03500268296969	1.18358934145999	2.04286673144736	5.48142189757935	2.72228436591658	3.60819828506972	0.624600196792202	1.87014680705545	4	0.000371097666231557
2.71202398205654	3.72271166099523	2.08791042841775	2.97852228642942	2.6627466686657	2.05882569900008	2.51115517006214	1.68611444831129	0.761248171547968	1.07398240907762	1.79413244067471	2.1584878140212	1.45409887209371	9.35857196433497e-10	1.26435413248667e-08	100	1.17229705509051
2.98339174954062	3.64464464740157	1.90311484327054	3.14768859139444	2.64879944342049	3.10284052340408	3.05386255247833	3.34351606814254	1.43559737197213	1.29896977930555	3.6504889369886	3.77840254052809	4.09671474283347	1.18133563842825	1.56591123573567	100	2.09420326553217
2.99582329747104	3.47227034394861	2.17079568696709	2.57275933558924	2.88018029984113	3.26325617411029	2.35635470450866	2.76957131975979	2.79779116244961	0.794769580131797	4.09806239268562	2.22630676124652	3.4074442372022	2.21425304431851	3.10124335401545e-08	100	1.7010747817783
2.43434183178524	3.61561432304999	2.14181787786446	2.28309619277721	2.54529160024119	2.06458979274163	3.19892710304067	2.95231813058455	1.36004594445668	1.29904161186316	2.1219151158534	3.98030359848757	3.53608153443863	1.27737673385766	1.58214359333837	4	0.000262280150889138
1.41592605501606	2.52752572488229	1.60657670445834	1.9855990630336	1.95194272930192	3.36020669185216	2.5896374269351	3.80388854316441	2.29623360380838	2.18485911693556	4.0364355473325	2.33912776150635	4.4016307515501	1.43586755443172	1.75286249980926	5	0.000701634188726263
2.98019501833515	3.6737015812153	2.11612925550715	2.54687022178745	2.35241550397403	0.82571007026224	2.00841531296126	2.25245142130578	1.16301152518825	0.438090036712004	1.43713350784256e-10	2.33789298843803	2.33201380128742	1.18540073862127e-08	1.91844995190967e-10	100	1.24816999205241
2.83543210662814	3.48619744898312	1.90139194273039	2.59045788256156	2.23351050636311	3.92101563121125	2.81885811124763	3.20137737349667	3.10404585015543	0.673335855045861	5.56228279388862	3.57892719461226	3.41268065639698	3.45123326347399	3.69486899086422e-08	100	0.474579322869878
2.86757165656368	3.61675403277852	2.11704269711982	2.81891213057557	2.86783994285082	0.928618848877359	1.78292487049773	2.30696283130761	1.73247529817867	3.9506487295345	0.6240432563812	1.81213679579696	3.33784380961797	0.734172184751132	5.14657766270812	100	1.45068862576622
3.28343592163331	3.71954923337891	2.29303105158191	2.40701701449036	2.75377646449995	2.17719862561882	4.61321812551451	2.25464252119445	1.76900796067751	3.46088065184887	3.48565192040237	7.71709889415454	2.42958361963782	1.02219972513975	4.8664190387809	5	0.000705948925386224
2.21991613454332	3.10756679322887	2.28359573761908	2.35127536399349	3.14985184348899	2.8456614351699	4.09891861565286	2.1631678172754	0.940860087849235	0.673438836581105	3.66933681490898	4.64266093172606	2.95592020218122	1.93608111610736e-09	1.00141189380642e-10	100	2.0241648056309
2.75999853134471	3.75295284013058	1.83572040778078	2.44206218516913	2.25078795017803	2.49423842806057	3.28445584110154	0.57464677605449	1.84538159580893	0.705381061085179	3.43838993175119	3.58410899076364	9.04208391881717e-11	1.16963513774407	5.31880460614362e-09	100	0.67104792873266
2.60867039518797	3.49957862041011	2.05443758159979	3.09498323781768	2.75273657793327	3.18288871448664	2.36265555428572	3.10690776129031	1.95761847249772	1.09951311268078	4.00714500586657	2.42930644637561	3.90004854937673	1.1145838241932	1.98133659782615e-08	3	0.00063234468714618
2.34194655438271	3.23836116629001	1.9132537824965	2.10827207235713	2.66784136316673	2.79143247047244	2.94083892792158	3.27431042639469	1.37289190296456	1.40925983941778	3.22700881039268	4.15101287588181	4.51401280851975	0.431928687916394	1.2002479797028	4	0.000164042207860482
4.24840320819136	4.63245322167935	2.01398439969861	3.40791999320596	2.77746349185224	2.41002893154297	1.47336642974533	2.12738512812547	2.18035444203182	1.9469213019242	2.74421857605496	0.917060041105896	2.79011721801802	1.63658440654157	2.03740256858203	100	1.99525780694426
2.84583113376386	3.62179984274686	2.13120459757571	2.58402754789311	3.0746250945254	2.17927476609908	1.81606978841535	1.34684001572882	2.12978089304802	3.07178217625155	3.71125531843507	1.58188229748292	1.44878428384909	2.05234069904836	3.33996956923216	5	0.00019622396786656
2.30657305025845	3.53703487538109	1.72764206796309	2.74905791786317	2.45796415197975	0.524399897407824	2.42602467758793	0.693001950963861	2.88324706155751	1.40496401398288	5.53075132083241e-09	2.8649534982238	2.32638365998848e-08	2.83700958912389	0.894491817304993	100	1.54537357899223
2.11542430323727	3.1681336262656	1.60143769517255	2.20129571777535	1.98557203953104	2.44685596831614	2.88001901235586	2.70901149871292	1.47246706819831	2.29767188400171	2.89210688999451	3.95790223273683	3.68517550633308	0.379597126104782	1.94031737116046	100	0.12381271070939
1.92768082114406	2.84937409394187	1.93936415272828	2.09728255016354	2.41815981281405	3.11739639416761	2.70021879453681	4.87186312176887	1.67662891506952	1.02224010628007	4.50562223478919	2.68941094412171	6.47486089933357	0.759594067169376	2.90638406965359e-07	3	0.000346162638333955
3.00838297523467	4.13482257800373	2.03634557523882	2.84131277080107	3.31841701076896	1.20023839517374	1.68525660405445	2.70466191256864	2.73064686049568	1.7100368495081	1.35742583508953	1.76441065052023	3.44859324773504	1.78358773021469	1.65892287525734	4	0.000664042005785292
1.2612218621548	2.74606500389475	1.55692580885492	2.02698968286777	2.243035524239	1.8148988856586	3.13737670281304	3.76943844595938	1.35289937237937	2.75763897264867	1.6840669514574	3.19298917420725	4.75397296436793	5.41200595059333e-09	2.82426501087567	5	0.000565987480517516
2.19517847706963	3.57906589064367	1.84447175066646	2.99817386668894	2.48977623751195	2.07136045936322	2.46534859415734	1.77371594466847	2.35256270035829	2.2228022870356	3.23004155393451	2.53751760320925	1.56626082152898	1.71048918063431	2.24236574498838	5	0.000191482240533336
