3.22743894326291	3.11164523176028	3.89411105257106	1.87975012685033	4.06804968257707	3.21859234170815	1.42039891636407	4.10001474903168	1.72515143790464	1.79792706954425	7.14216255516041	1.33557979564614	5.40573276632779	4.25889901864331	4.12191416801249	5	0.000576255253240454
1.50930365893995e-11	1.87243038869274	2.89436147133719	3.58766655100865	5.39671364542831	2.35024665700262	0.96736660006349	6.87524753809311	1.91307696924858	0.419492715159859	3.65791024216865	1.38758613448671	5.25403424156739	5.67982852908241	1.18345062769306	6	0.000537488415171385
1.00325109039388e-10	1.76313043435759	1.76137789498005	1.93868084397588	8.91071735654732	2.27834336330249	0	4.01305791546361	3.40051615371681	4.31174026673835	2.50327883856237	0	4.23797001631563	0.898021126928556	3.25179922024	10	0.000554977397905733
8.00809934379973	8.90788337112769	1.53986731046376	6.3712242442755	1.21436512076687	2.48819542637741	2.74928762327838	3.91765294085302	1.91939571516545	2.16289969945409	4.23836913488436	6.2485007242241	4.43853742221197	2.6757347633821	7.40270551805727	4	0.000613489455034921
2.55465137495587	2.58964230674903	3.62867051609225	1.2537702824978	2.38098941122519	0.93635734364208	5.36590352526352	4.06130547773418	2.46397580286038	2.29988730921824	1.53622988868276	4.95704725811011	3.02808238608244	1.79777152883148	7.04101285195847	6	0.00019544557579565
3.35644280789614e-08	2.28907785982138	1.49963854214325	2.56096036273797	3.91241315116998	0.689098033792659	4.04612492172834	5.11027792345081	3.41519208626805	0.468616607412608	1.15260365555636	2.48516025472943	4.87021581127751	4.94104618966633	1.5418231467922	100	1.51927700590015
1.7490032847768	3.4256876375058	1.97968420241068	1.79383190028944	3.63038317945424	2.28052976423778	1.14108012611306	1.63323421122348	2.7944343880546	0.801283284348182	1.6712440853016	1.38996643805739	3.12128142941569	3.31020415368591	2.47621616066718e-10	6	0.000748075566612053
2.19512521878135	2.63935336455159	2.79407361531853	2.83791900963939	4.48013148208215	2.78790968738222	0	0	5.56894348228188	3.18985139544589	2.72725021207689	0	0	6.49198201000239	5.74972971591082	9	2.40460309103867e-06
0.34477005687108	2.5302007836528	1.66210555047262	1.83514485095844	3.27176550378878	3.18691295777358	2.88306951659061	2.04774733862104	4.16016018839281	1.36621347334806	4.65954519885956	2.57293104558379	2.54389873573768	4.39502451238756	3.09154536468788	100	2.13772290858103
1.55032665130152	3.28997197827042	1.61388042463983	3.53123936245846	5.33441911956612	1.42947245450375	2.56264911344868	1.84139988206571	1.65358018402217	3.3560933342458	4.52006813851701	4.08020670953893	2.12571313696534	2.13650458985804e-09	2.59566320911215	8	0.000435978199980749
5.98816642429398e-10	1.52180983090685	2.13517822052366	3.29649847651837	3.83647328973584	2.37133739933912	2.10337434559866	3.47876842765734	5.95834543817595	0.362096562047853	3.72404484995627	2.11690264776909	2.19007548118436	7.18781620568011	4.45261619343905	4	0.000740995901078396
6.57686324994613	7.90093030905343	2.93594054556409	2.64065699709424	2.94860495326685	0.434122808267289	3.13763915437378	4.06917383638294	5.24116144417735	3.05859548640516	0.556434659739537	3.17131608042707	5.08367084519334	6.9154565596122	3.02690311346995	12	0.000627707990992099
5.29044972701669	6.03207964723234	1.08230719952555	6.27567542425752	2.12818828817375	5.23215866994394	3.75314158226918	2.18648449923961	8.68432743877388	2.49170357616493	6.49555697919161	5.3605199034806	3.14558847458934	4.4989604003178	2.3945317967599	5	0.000314917062185227
1.51784820700432	5.31385635522626	4.27008298778338e-09	3.18666045994096	2.22895762291971	3.93264096407795	4.57293935836015	1.74100471431635	4.00422294966365	2.04914419826779	4.36021921797761	6.32489827976119	2.96513848565384	4.11893239625261	1.32656971570696e-07	100	4.94429867920821
4.99356813206205	3.45675375832375	3.96154657689692	2.68133357930457	4.00074617865679	3.33015538633582	1.62238750339891	1.51865238466469	1.41179262062006	1.68804410970893	4.37675678440232	0.609010310565286	2.10907502262697	2.82020864752001	4.26509815386302	100	0.442629919106832
3.16534799323284	3.7571746321554	2.44115414079318	4.04337843458232	2.69130593008556	3.18041419956789	3.73446034079321	1.72404209558992	1.90755098881634	1.78129175332843	2.92779663468345	5.14317357071369	1.63809179658727	1.95816544407044	4.4019290195398	5	0.000632317426679574
3.99859455902769	5.25221607345473	2.80180439638957	4.24131559391744	2.49847900725892	5.61731250479618	3.34282202688573	3.58122706686741	4.53823876312855	1.44997087310691	5.11950003426937	3.70660138224064	3.58653143847009	3.39149627654767	0.854351316670092	8	0.000351813528620792
1.95337661972383e-11	1.71600586711185	1.86941490239129	1.79507017911684	2.44294405190332	1.93019462055469	3.78048926816413	0.971813532207094	1.560242100799	1.68387972523529	0.0840255852189294	2.50560834617773	1.57726806078861	2.73211360476522e-10	3.04445694141896	100	2.73757320762901
2.48938223030559	4.06520844902397	0.968665262602423	5.7446416871662	2.44152364558252	0.915587236749478	6.3842595167775	1.91829993451069	4.55816854029718	2.9300760934009	3.82052587041191	6.73019504509586	3.99430569207925	3.25202405601764	2.58378494558894	4	0.000516768358474473
3.92352980921105	4.24656970464901	2.69078119002559	2.21010481314325	3.58074181287931	2.53576450824792	2.7596729858102	2.70649126040397	5.03094709414645	4.29640524834571	5.58667380625073	3.71747155769171	4.66144058430891	6.01578322256924	1.61402988597324	7	0.000168078428259166
3.88071995335648e-10	1.26263834157763	2.21036253838543	1.32724384012392	3.07625914617451	2.06165738723413	0.413599661778981	2.80464044739143	1.48499545577881	2.95908377858525	4.85162117930347	1.06562205096945	3.67325406792965	2.44544476200182	6.82955890685531	5	0.000464741873343895
10.4942510627957	10.0532941127955	3.32930358300352	6.91319039822457	6.85249718882275	1.19936459926499	1.14009241794549	2.77512918488325	3.49839680020541	1.83845053266069	1.00295731725944	4.19708790041509	4.4769404067266	2.36187480072901	1.46585011857873	6	0.000497655964271759
2.06582449432407	3.30871414907898	2.76156965173129	2.62737189389074	4.33883924234501	2.47665238861065	0	2.21965122277547	3.24730975391186	1.00134257963632	3.90510122446058	0	3.18546042743101	3.10504540695787	4.13587307655467	7	3.67360170134316e-06
2.23419445547539	3.14622196303008	1.89048548325308	2.6077723722699	4.62730947933219	3.02295089975946	1.83561380962795	1.62102836009552	2.68453232964582	2.78908521142134	4.20288830903155	5.23945839412514	1.04819432846597	4.1316756161827	3.34653497154958	100	0.0155503023788668
1.42300212620788	0.85415341263749	2.37319039410457	0.764306175037507	5.33049747130023	1.07571668173439	3.66307925788516	2.23565065704522	5.0151012964647	6.43319398780848	4.48617213864474	2.66508835775329	4.90537830137572	4.08285149044033	7.47954666777829	100	9.1617627466237
6.7593482567461	5.68914614788713	2.97268551352663	4.86621433890903	4.43474428919452	3.67505354285267	1.44899152792567	2.23266300690755	3.20739887243358	2.42234048309378	5.72040827271064	3.19355000663941	3.74831169665746	5.59761179966618	2.6751023974054e-09	100	7.01436129934137
1.55125755126306	2.6249405776421	2.15140157643467	2.54431284358357	4.45489939970364	2.09780991175496	3.36887261317606	0.231939374323124	1.61850927251377	1.5518379880536	4.05495713585841	6.15474097869466	1.45299088454899e-09	2.09108403940691	3.54434078998757	100	0.675573343551054
1.96825248944308	2.61477748827561	3.07860099080122	3.5710045554551	4.0842641924303	4.47554691664328	0.512184146855319	1.80282003582083	3.44472038072449	2.37660694034952	4.11300865018181	3.74797256062408e-10	1.1840197964576	3.83190746932389	4.71089562567928	100	0.998602271507952
1.06282946842892e-09	0.535805693979158	2.72480302540471	2.10903642522439	6.26409615894431	0.768717058406535	0.525117339526926	2.06648403840388	3.66122063607714	4.41634753013921	1.7984857337624	2.67268626520684	1.77746086633946	7.25291902466088	6.96208834314129	3	0.000864549707793881
4.5971617378492e-11	1.45336271771767e-08	4.06833371650751	0.821761255512192	5.14076158398829	4.57553175990654	3.98053140101799	2.43637593822358	4.57856038080154	1.63308432755435	5.37628560541877	2.44999993692345	3.21669190161591	3.56678688510358	1.96972125189807	100	8.81694368150455
1.36802286077859	3.39612640505481	1.00600990129894	2.30012167886011	1.7571420544112	2.10040433596916	1.81174116540211	1.79841379471569	2.27418973205736	0.197207355815359	2.99485359915976	2.56633608375406	3.86450950459803	1.66954232708839	9.09155938371334e-12	100	6.70373998665465
7.1443425696843e-11	1.89841102484515	2.0745319957875	2.10320213633759	3.58376041429236	2.29180258159743	0	1.51266426681526	1.87811034487893	2.43677849028286	3.37175423391091	0	2.60366116456234	0.910531117409965	4.54064866598581	100	2.93288833563261
0.513987016844965	1.87550106072104	1.96804712848362	2.8030195118347	3.39471304999616	4.42188413630014	1.63631452894886	5.27992607336941	1.84989892183049	1.48250410737041	4.16536475240563	3.86546406031333	5.66982234947703	0.333350345554757	0.167409709962807	100	0.449780236709822
4.13692573138018	5.93065688043087	1.33011559273161	6.61488046918356	2.36846782706501	4.06427243243852	5.0965690755528	3.9930474337508	7.72145166125488	7.54772209669511	4.21284679237511	4.96925216394379	3.12866703350746	3.15726950925159	3.33920393163063	100	13.36737005362
2.14490264744418e-10	2.30348834596088	1.98513856455753	1.51080759500944	3.12179634995275	3.2275453474956	5.96903704185166	3.68029364248196	2.21819690402258	1.1260825082005	2.86512804022549	7.68536769491688	4.16429030632806	1.74637599056073	1.33873768691568	100	1.5249621938735
1.39235002310275e-08	4.77415995417464	0.700673416906034	3.70729686179181	2.84632439345728	3.81954109089185	2.22507736043776	2.47000919081192	3.08026351495996	1.08047764753894e-09	4.34206024513308	2.41506216867646	3.78494000360971	1.14273883392888	0.602035254965145	6	0.000372644557998566
0.480185673999716	2.04237893472793	1.07417832967582	1.55673222388937	1.52664931773486	2.54841623255564	3.2036299099246	6.07472085667984	6.11166328804917	0.971115588716637	3.25907720586078	3.65298461872953	7.16480780503003	6.93986213771278	6.10785447277607	12	0.000562320223520152
3.11766615453594e-12	2.03186777530733	0.840704191681915	1.45170007577396	1.88842283577126	6.02615664743147	1.73046402351624	2.50839999573146	2.59731591274089	0.734359837390205	8.09247716248023	4.97945488659937	2.62079564252905	4.62227640078235	2.0547153251384	25	0.000830806122329004
9.62453549851377	11.259133695378	1.78162034285123	6.82645084425728	1.90352305837535	4.70398397056686e-09	1.62115697571361	0.989573695189474	2.60527134866221	2.57633105889335	1.60178381121788	4.41364400910034	3.38230462612139	3.56538741139408	4.54455812724903	7	0.000206893387417358
8.69477532158667	5.17693113699035	6.04714495775373	5.4231259055034	6.5561053884652	2.37638640273215	3.79959749684642	4.00831013308586	1.31730975610975	2.42644577048504	2.49553402478704	3.62001068890353	7.41690616218669	5.33602331173489	5.06740651494982	5	8.57210949420928e-05
1.81790248969622	4.40903841948233	0.986660581254538	6.32021259103248	4.44114864855543	2.7791728197931	3.93590209300514	4.63336339049748	9.67313561689976	3.67829689724719	1.01700752663019	4.36803588882573	7.24096535462098	4.85572271016893	0.143769765788213	100	3.4079584062579
1.99649767161103	5.09152369637743	1.20960525423409	2.93183149199128	1.50166314755029	2.70940181999538	1.4277522212015	3.01212692001053	0	0.934751960366945	7.51172068015696	2.33380481492739	4.8209647738875	0	0.692035903431329	5	0.000356492704106204
4.50701851132962	5.296579721678	2.00947271645388	3.91950482813215	3.49646754686037	0.311274005095866	1.52341682652998	2.60561045371793	1.60557964649341	3.47503540136963	8.41541187909718e-38	4.94024566850706	2.67804570591258	3.78143668791617	7.10257585150109	4	0.000417317856093113
3.06456465934486	4.39435248890206	1.36565427222932	4.20592552463674	4.31800814215567	2.92218852642416	2.35363667581602	1.75770837517009	4.90889014659398	2.38885579763949	4.64169638319076	5.8294627601447	1.52332282665479	5.01179793444485	1.63575264397289	6	0.000697930089024412
4.78274180351906	5.24583987631845	1.70573403093867	7.01840173029653	8.67272135084098	3.72763980032992	1.3569369826491	2.0684531862665	2.79812534511538	0	8.04054642161446	3.58277537036466	1.43294445976577	5.68820707258594	0	8	0.000880101657314114
4.15129674712199	4.67164027913434	2.04551950214299	5.4467294236808	2.97648308850716	1.26680102996417	1.90051884497416	0.458923993073068	2.01444857087886	4.25199226987754	1.57572412707059	0.905974512605976	1.55331892268134	1.88740815655502	5.11342155203412	100	0.800124079610996
7.31292853753823e-10	2.37518609884214	1.10447787748556	2.84123798562289	1.16853127260483	3.19551265239912	4.29656527181563	1.13643579771143	1.82888093634688	1.54383396315533	4.42203473387213	3.40812255762408	1.32887680902006	3.47055911605965	3.40767989564552	5	0.000439335589801479
2.29267744978159	3.51668693068905	2.65306673227459	2.99841008487001	4.10535419211587	3.36977588764376	1.44631826675568	1.34927093782635	1.08641518080585	0.229598417999447	5.77364864321855	0.987197108602643	0.722583809112554	0.463915686604729	1.02973704941432e-09	100	0.614680929665598
2.42034603125774	2.13448940714503	2.88117470923227	3.42566741504089	4.28110171091902	2.42173760037131	1.76774111157923	0	2.97453292024176	0	1.50826106079795	4.50404608958488	0	2.23100218550312	0	9	0.000338189362712258
3.73182622538582	2.7708849502164	2.90071420469996	3.87217042774151	4.68094695120049	2.67136087683097	2.15705784036868	1.16172252374855	3.52953227929064	4.59490649899554	3.56781822727471	1.8149228467338	1.46378899290705	3.61966868797529	4.45968133931041	4	0.000419082912969992
3.68220412883309	5.31088029566813	1.68856142579995	4.51749717390661	3.78147233200014	0.840320130608189	1.90938151902071	1.03719576919289	1.30797765498092	6.51285390276783	1.6005788132539	5.91288935776383	8.1540365097633e-08	3.09517119911465	4.88719090169041	6	0.00066585686119794
3.64852878339827e-10	2.04884494278699	2.38581472585635	4.42452559332229	5.09515297843751	0.568685577491264	3.47640544564828	4.13240113356608	2.14861995870477	3.40522895557323	1.96943962917387	3.64827374772138	4.324600551454	1.62849633500937	5.3518547259274	4	0.000737912081997457
3.26387152430683	4.49184328949778	2.63076481144876	3.61539405935367	2.44395138816817	0.928673044470894	1.73857289986829	1.84593382220269	5.67000076280308	1.780771318949	1.3110141085861	4.69992336363031	1.56065594265073	7.30345155687527	3.59924197187501	4	0.000177996667821811
6.25816975579588	7.41647310479783	2.43279987339689	4.06918604412094	2.54124425596187	3.19635319383883	2.60644739531324	2.1218373635853	1.69592234662072	1.18057478036803	6.48490072206067	3.45776728969954	6.08733732341615	1.27233023219017	1.50859279648143	9	0.000588215082474974
6.75870347853433e-10	3.00645685861734	1.03687873363067	2.45019066526259	3.85378995719911	1.27927943947364	2.28235677578907	3.48643739007857	0	2.48900622240991	0.577064077652641	1.66788007489019	2.85637775462215	0	2.84401725993957	100	1.41496222826991
9.03399988901261e-10	3.51997465920132	1.5027944610615	5.28195132931961	2.63810643520776	10.2935307866095	9.88850145521452e-09	3.32052997427322	3.83311846525878	3.01044916871276	4.81049104201042	1.38153888413457	0.74891730042771	6.23624715384469	4.20826841526943	5	0.000430625195595178
1.01826874208766e-10	3.29024911687619	0.792572666093804	5.01834323130079	2.70700056843739	1.44767063489973	1.12048295316474	1.158077672614	1.09597033712403	2.05279543311724	1.93244037788666	3.04925304612901	1.59807200396289	2.2229214968572	2.53697145418983	7	0.000235283533303032
1.60912635566502e-10	2.63424556648756	2.05612149970612	2.49294748418642	2.93571863748313	4.08274252616179	4.49859469067024	2.52556609866936	2.06456882007071	3.61524480536312	4.05970483617183	2.40491362367421	1.1494732021157	5.8278020055473	5.70679439211052	5	0.000995902076259083
5.82094872626468e-10	2.55671246345281	0.969839698683611	6.1440956730935	1.6064206356152	3.3977050674879	1.22318861662306	1.77797574743833	4.97160699963723	2.7330756691736	2.48638871593983	2.05039532411074	3.53592933220514e-09	4.84528647425182	1.88706473714667	100	3.95544059291199
3.8898361047485	4.12968336793353	2.57265817499212	3.02774414970194	4.0822743411646	2.42285998024585	2.06438571384818	2.45140013247987	3.12861487135927	5.53969787278774	6.08549939836325	5.43917820665478	4.17434476350507	4.9835829012133	6.08013343162566	6	0.000255249181779327
2.8196473151762	3.55892709399541	1.69755008377846	4.73956364313746	3.72232066465129	4.04826805168507	8.50593301025607	3.74007396418239	2.66480864411102	1.083012999515	4.00806148276782	5.26516546376858	2.64862436431335	4.40444028590531	4.83649167181167	5	0.000459509643308431
4.20966533773995	6.01820822804177	1.64754468453521	3.70753320850274	4.33586789570466	2.43038130578371	2.68779357373843	1.336961106079	1.85108699458345	2.68506138405675	2.84291189460247	3.50949697378213	3.08042528783827	2.23479380602004	3.10248850720411	4	2.2764604360237e-05
5.1895373946383	6.47188989126281	3.47267679355976	3.23650638065152	2.98381237826387	0.714093312943441	2.56319884163743	2.62705036026407	4.01296191028504	1.7651374090853	1.22459315661675	4.27137174993417	3.80304616404307	8.30835464755983	3.9982128629472	100	0.423457098591616
1.68018772346343	5.50382564597628	1.8561261200636e-08	5.99451045989061	2.1064355653155e-08	1.94565973457915	0.860017822068939	0	4.29880695170539	3.64563533096027	1.63873081056543	2.18695701707115	0	3.0318299732321	4.89094338439315	100	16.5172973783014
1.28345857713085	3.22967929028296	1.45361172731972	5.57577874742402	3.00516313702646	2.84776659700567	5.77642096795963e-09	2.04059913726481	1.3439294564958	3.85256162797716	5.63228497413336	1.14461128003056	0.483163095861137	4.03223355939541	5.27242706204416	100	5.24524221235707
6.51751135889743	5.09572747325416	3.37817446946537	4.68199266256319	5.54619610981546	0.830764571563585	0.722622937230454	2.17590281885536	3.56655510399548e-09	6.16488726029199	1.1855571264643	0.552090942791058	1.98531929809488	1.25953683462683	8.0689871006921	100	0.340646262338098
1.63453582899562	2.40469376373889	2.42666809548977	2.71863589123563	2.98460848700511	4.78187979782995	7.07406659065721	1.37849132444905	3.71904002468266	4.3645788932767	3.62332297109999	5.6790858039641	1.55248872711594	3.14564795693124	5.08009112812534	5	0.000603431465857396
1.53865057820696	1.5584862810875	3.29666143188832	1.88136039978094	5.16361895763478	3.98958887914284	4.54275677945144	3.29350159989878	4.28916924452752	3.96672414955674	2.37245184883977	3.89949747593102	3.55439003557515	4.13023580139049	4.54518091868904	5	0.000317246531410298
5.74111274577909	5.74263255584668	3.36233086714903	3.72127427065894	3.12424332684214	1.08881275668801	3.39553706678236	2.18855619908085	2.51928624976475	0.570748292675033	1.45517096711561	5.69546339518015	2.78436880171221	3.22678793532067	2.71664033657575	5	0.000152056841095649
8.1829592503539	7.99580082331412	2.77133815630842	5.42113006919583	3.3807090371717	1.21828515400161	2.41351615837603	2.4640380649544	2.58126079384961	1.31871841040827	4.9052839930667	5.13411941033607	4.69663134943907	2.32409985061022	0.566627772606226	100	7.0099774005972
1.04377770212155	2.45336049580405	3.39581127372692	2.44111890596532	3.36132313819379	1.68174461431205	6.33020597317584	2.81925659365959	0.566122217648715	1.07578400024589	4.16058267805404	8.81729832251948	2.56512165957642	0.153024020164434	5.49513320073198	100	5.41664221667471
2.3973282195671	2.5256224685062	3.09050247773633	1.27688671638598	4.43236262790629	2.36442419471405	6.68106649226596	3.37349340888685	2.27718185029537	2.1070790489366	3.30613202282195	6.55314281935021	3.74623671896063	8.44598933874444	2.6316680796261	5	7.63472360758577e-05
1.91945656781473e-11	3.69691730318504	0.646653044767925	3.09975152225649	1.33732717978716	2.57326947284465	4.92541677616404	2.6626798465674	4.19327784857932	1.67999086413001	2.44285507148764	5.33907577436406	3.71915040247599	5.18154422992711	1.13325896687317	100	5.09631839438599
4.59296626344405	2.03430109384378	4.89992479787236	2.66230710320289	8.08900263431288	7.97716231254428e-09	0	1.5190265104405	2.00409694566967	0.750934226078303	1.32677418192878e-09	0	2.60749270033119	2.89824452423718	2.48365322131496	100	6.39423017440633
2.23950447895539	3.98473661245336	1.40251393010926	3.91885350166555	2.91179154684393	2.43447626351628	0.883930183703006	4.60473222877682	5.0594630543065	2.36091849996636	3.95349405177141	0.724448982858856	8.52643136601163	4.67826961145331	3.26329024013648	100	0.903108712241828
6.04600562763765e-11	4.28931995841578	1.00015400761598	2.47005056774745	2.92161640947329	2.95210150368866	3.62376148190464	1.83449691149028	3.12444658225624	0.86476746203294	5.43740710743887	5.45181589391782	6.81631838539985e-09	3.31242065499081	1.64281725020625	100	6.72963033663748
3.12761556573441	4.05545106680579	2.77713603729394	4.09175978003995	4.70015858139724	2.34842069467609	0.706370705226982	2.96499465314767	4.36255956474447	0.374525154257931	3.76025525739529	2.65553291990142e-09	3.0296978403065	4.36680619849622	2.53005406807171	6	1.1279217600292e-05
7.74633901863829e-11	2.16264325275414	1.66826099136319	1.95302328689318	5.1603250856318	2.18895564117876	2.41747990883595	4.04823547449371	1.29019309393247	3.77610724087667	2.43673446617539	2.96874668035013	4.36577296051121	2.99090583369564e-09	5.81773662252979	3	0.000413031846367059
7.90834986657191	5.18963236154356	5.90986178151825	1.5129575102001	6.19263696607186	4.69897878103492	2.49806031242674	3.8793742214607	0.840452063947741	1.81006896227107	7.40990553573989	2.30509421290718	5.35594401015102	4.30010680699142	3.67594961308276	6	0.000170748978270963
8.35089643535516	5.00651582334498	6.6318435173999	8.01089868855791	5.8259625973201	2.3679959260515	3.15162920123115	3.55120796796349	0.634662404845773	0.816942844211113	1.75913956546612	1.97652756664671	1.8768456940647	2.34844097738188	9.16566896267683e-16	100	0.381218964971251
3.72561029306143	3.07802232442781	3.20522929354972	3.95403365042296	5.37452245504406	4.09067448748233	3.93300646894009	2.29536599028293	0.421246811644557	1.80694413670056	3.53744636839615	5.97104869239992	2.93913217587128	0.842996481456187	4.64673572465322	6	0.000146438318300413
7.55457271047714	4.30317022638233	4.92926886359549	5.36147630281992	9.48583192503721	6.21898716204706	2.61075009821296	1.52976378907399	4.48607054524859	1.65810447558379	5.45422769721798	0.932980876469051	3.57865191441323	2.36743814973854	1.7171698638216	13	0.000531270878354029
0.966141053350591	2.95056959422721	2.38663533288329	1.7175528246207	2.63901659275382	1.46132660954328	2.63839604739664	2.33018885742898	3.39045608458077	1.01190225748806	1.56214787728943	4.71573941434484	3.15939934885476	6.48299538012376	0.815109264942486	49	0.000888158310676568
8.49288928091046e-11	1.70200614024227	2.0869328651071	4.82595243601398	5.13946291424755	2.13273577153987	0.321760549019427	6.92746886021407	3.43385740237005	5.70451045286999	1.22174462597594	0.400812247410688	5.10364745757353	2.52116890210923	5.54089304458205	5	0.000199019957540247
1.58604011324407	3.72233565468131	0.704462033056404	2.29837751415659	1.04725919996026	1.37844565755	1.70019421877448	2.81172936550536	5.61266265852539	1.84554616633076	3.09791876687429e-09	3.22927197238268	2.37921514288458	5.13159098731148	2.86792739906229	100	2.95066944024874
1.42491722065537	2.28282989890134	2.67242750109107	1.43291880225552	2.72072547375828	1.53606091689901	2.62707847505382	2.44363941605917	3.01772468720509	1.41083924450756	3.67719315644013	4.73924869422497	2.05513371993404	4.01085185378115	1.91712726242186	8	0.000728542759236062
3.49070012570349	4.14168878170285	2.77468687034827	2.54279532842269	6.07389292736954	3.09491489969216	0.96492487905102	2.58944585070238	0.481516711000804	4.60325273587217	3.72718936186144	4.33244680964865	5.28419328120111	1.51791153022698	4.61036874434229	7	0.000308413102784955
3.19470886619607	3.9881602738169	1.93086588423208	3.96799806424461	3.5401984407606	0.350670902686449	1.90199150076057	2.26218212244023	2.49626088175818	2.16282709609917	0.838644170110641	2.96486730494663	3.67226301448423	2.96354563272213	3.10034993394365	4	0.000687652627577751
1.43860735738046	3.61398553537611	3.30230892963996	3.14869205946644	4.36774757247994	4.11115403446297	4.18198626062281	3.34851294936147	0	2.77732437380118	3.87354224968088	4.08456165982177	5.36878248306978	0	1.96054314350953	5	0.000656900395220372
1.34449546683935e-12	1.8084914714996	2.11614287062373	2.38201904290141	1.53387982026953	1.32718338348343	5.08278056702037	0.612595535707604	2.8377740864552	2.93030932083901	3.41499412309789	4.64652578287662	5.65874126656825e-11	3.87611181549595	4.94547352464335	6	0.000305521247133565
1.82838516491806	3.08356731977406	2.25730913144098	3.54176001595761	3.46054482059765	2.31776193407555	3.32458332348733	2.54036174684026	3.13118868658526	0.636475106932697	4.25898451532556	3.50614701089247	2.39649894075534	1.8433557158648	1.51314622081916e-08	100	8.41659991187212
2.06185794035018	3.02903112687566	4.2760916712938	2.47170333368054	4.83883790335228	2.58242084987895	1.94214427855493	2.53986496209828	3.25113243077179	0.790540604321658	2.31770724538083	3.11258683262996	3.89478819716382	4.4986449754436	0.966915788584264	100	6.12258127689373
3.86780296639873	3.64325868452896	2.0995445674639	1.9891234367921	3.6191273354742	4.43116092132315	0.616248143344905	2.14612705000365	3.64607057772665	3.47937561021242	3.89341076147661	5.19698642531329e-08	3.79524665507075	2.30853554462878	2.3813912518273	100	1.23956579901196
1.57529467227795	2.87006025341782	1.781533013043	2.05676146140835	2.45038509441564	2.45794761430443	3.75411581420586	2.37330899219996	2.18301397159953	3.89514319763564	8.40136365269015	5.51875303711051	5.88517238878334	3.42733500123723	5.1516780570033	6	0.000551367163602379
4.07704905515435e-10	1.99129976733447	1.88353949365581	2.48700993997785	9.01570278255116	0.808619581658176	4.0029650504844	1.65572499697704	2.40661408781103	2.7755973915107	0.249808318820661	4.56062045390574	2.7391039740718	1.63523330722038	0.770866695732569	100	7.15210569701584
3.39552233952568	6.55095831467039	0.987676677469087	4.99723137929528	1.35806116587279	2.41199814618601	1.77918458666433	2.0449400505783	1.64166155705386	2.27845810074343	2.58872371679672	4.15419406218717	4.55974461523707	1.62956617642116	0.515516696229672	8	0.000573703679390025
3.82929603455998e-10	0.000700077166492161	5.39411315504978	0.638571837673543	5.35976167703051	4.51716302605777	1.89744098393005	2.07909638474407	1.66895058699452	3.41498398319289	10.4232146924451	3.74685876245419	2.45613743689139	0.916563852580113	3.1938162531881	100	1.25825685841446
5.26573774994103	6.05759331174379	1.86475842813024	3.39657437665577	3.825124278005	0.573152621797984	1.4209482181307	1.49705156877303	2.84850785013753	3.82941291403439	1.42866917879138	3.27955477430142	2.40667542193213	1.48701928288796	3.80229056751673	5	0.000373240702733924
1.21687384874108e-11	2.84733004846277	0.923062192800198	3.07887585030112	2.54348050359656	1.65303587123183	1.38280150723953	3.21030866417839	1.74450735802476	2.34869849519143	3.09976878437975	1.89384686368032	2.76354439052776	9.63999982526496e-10	4.86911618417311	8	0.000286858842041545
3.24765721735986	4.83945153179811	1.34414501509333	4.28631719250425	2.20210484320302	1.79272762998763	2.12062146428522	1.35885293827809	2.50541191676159	3.82024353879858	4.70671786885549	1.93330567837804	1.75344900768234	0.341948067476222	4.13627203635211	100	0.341825385166655
